3 0.21630434782608696 0.6601449275362319 0.23913043478260868 0.6601449275362319 0.23913043478260868 0.6869565217391305 0.21630434782608696 0.6869565217391305
3 0.24347826086956523 0.6615942028985508 0.2956521739130435 0.6615942028985508 0.2956521739130435 0.6826086956521739 0.24347826086956523 0.6826086956521739
3 0.2875 0.6920289855072463 0.3228260869565217 0.6920289855072463 0.3228260869565217 0.713768115942029 0.2875 0.713768115942029
3 0.31630434782608696 0.6739130434782609 0.33967391304347827 0.6739130434782609 0.33967391304347827 0.6840579710144928 0.31630434782608696 0.6840579710144928
3 0.3385869565217391 0.6963768115942028 0.3652173913043478 0.6963768115942028 0.3652173913043478 0.7065217391304348 0.3385869565217391 0.7065217391304348
3 0.4282608695652174 0.6666666666666667 0.4597826086956522 0.6666666666666667 0.4597826086956522 0.6876811594202898 0.4282608695652174 0.6876811594202898
3 0.7663043478260869 0.5681159420289855 0.7771739130434783 0.5681159420289855 0.7771739130434783 0.5731884057971014 0.7663043478260869 0.5731884057971014
3 0.5016304347826087 0.5782608695652174 0.5135869565217391 0.5782608695652174 0.5135869565217391 0.5818840579710145 0.5016304347826087 0.5818840579710145
3 0.5021739130434782 0.5543478260869565 0.5244565217391305 0.5543478260869565 0.5244565217391305 0.5630434782608695 0.5021739130434782 0.5630434782608695
3 0.6048913043478261 0.5355072463768116 0.6168478260869565 0.5355072463768116 0.6168478260869565 0.5398550724637681 0.6048913043478261 0.5398550724637681
3 0.5467391304347826 0.5565217391304348 0.557608695652174 0.5565217391304348 0.557608695652174 0.5608695652173913 0.5467391304347826 0.5608695652173913