3 0.683695652173913 0.6572463768115943 0.7565217391304349 0.6572463768115943 0.7565217391304349 0.6855072463768116 0.683695652173913 0.6855072463768116
3 0.7548913043478261 0.686231884057971 0.8152173913043478 0.686231884057971 0.8152173913043478 0.7086956521739131 0.7548913043478261 0.7086956521739131
3 0.7978260869565218 0.5891304347826087 0.8179347826086957 0.5891304347826087 0.8179347826086957 0.594927536231884 0.7978260869565218 0.594927536231884
3 0.7494565217391305 0.581159420289855 0.7668478260869565 0.581159420289855 0.7668478260869565 0.5876811594202899 0.7494565217391305 0.5876811594202899
3 0.7668478260869566 0.5739130434782609 0.779891304347826 0.5739130434782609 0.779891304347826 0.5789855072463768 0.7668478260869566 0.5789855072463768
3 0.6983695652173914 0.5695652173913043 0.7152173913043478 0.5695652173913043 0.7152173913043478 0.5760869565217391 0.6983695652173914 0.5760869565217391
3 0.5907608695652173 0.5934782608695652 0.6103260869565217 0.5934782608695652 0.6103260869565217 0.5985507246376811 0.5907608695652173 0.5985507246376811
3 0.5722826086956522 0.5833333333333333 0.6135869565217392 0.5833333333333333 0.6135869565217392 0.5898550724637681 0.5722826086956522 0.5898550724637681
3 0.5152173913043477 0.5666666666666667 0.5375 0.5666666666666667 0.5375 0.5717391304347825 0.5152173913043477 0.5717391304347825
3 0.4516304347826087 0.5768115942028986 0.47989130434782606 0.5768115942028986 0.47989130434782606 0.5826086956521739 0.4516304347826087 0.5826086956521739
3 0.5423913043478261 0.5413043478260869 0.5516304347826086 0.5413043478260869 0.5516304347826086 0.5478260869565218 0.5423913043478261 0.5478260869565218