3 0.2847826086956522 0.591304347826087 0.3521739130434782 0.591304347826087 0.3521739130434782 0.618840579710145 0.2847826086956522 0.618840579710145
3 0.2798913043478261 0.5789855072463769 0.3157608695652174 0.5789855072463769 0.3157608695652174 0.5949275362318841 0.2798913043478261 0.5949275362318841
3 0.3701086956521739 0.527536231884058 0.39836956521739125 0.527536231884058 0.39836956521739125 0.541304347826087 0.3701086956521739 0.541304347826087
3 0.4875 0.5355072463768116 0.5358695652173913 0.5355072463768116 0.5358695652173913 0.5507246376811594 0.4875 0.5507246376811594
3 0.5679347826086956 0.5717391304347826 0.6016304347826087 0.5717391304347826 0.6016304347826087 0.5869565217391305 0.5679347826086956 0.5869565217391305
3 0.6233695652173913 0.5804347826086956 0.6478260869565217 0.5804347826086956 0.6478260869565217 0.5956521739130435 0.6233695652173913 0.5956521739130435
3 0.3690217391304348 0.5289855072463768 0.3967391304347826 0.5289855072463768 0.3967391304347826 0.5405797101449276 0.3690217391304348 0.5405797101449276
3 0.3918478260869565 0.49782608695652175 0.4146739130434783 0.49782608695652175 0.4146739130434783 0.5094202898550725 0.3918478260869565 0.5094202898550725
3 0.4152173913043478 0.48405797101449277 0.4320652173913044 0.48405797101449277 0.4320652173913044 0.4876811594202899 0.4152173913043478 0.4876811594202899
3 0.4369565217391304 0.47536231884057967 0.4559782608695652 0.47536231884057967 0.4559782608695652 0.48043478260869565 0.4369565217391304 0.48043478260869565
3 0.4527173913043478 0.4652173913043478 0.46358695652173915 0.4652173913043478 0.46358695652173915 0.4688405797101449 0.4527173913043478 0.4688405797101449