3 0.36630434782608695 0.5971014492753624 0.40108695652173915 0.5971014492753624 0.40108695652173915 0.6181159420289855 0.36630434782608695 0.6181159420289855
3 0.8070652173913044 0.5644927536231884 0.8358695652173913 0.5644927536231884 0.8358695652173913 0.5797101449275363 0.8070652173913044 0.5797101449275363
3 0.7532608695652173 0.5797101449275361 0.7994565217391304 0.5797101449275361 0.7994565217391304 0.605072463768116 0.7532608695652173 0.605072463768116
3 0.7108695652173913 0.5818840579710145 0.7728260869565218 0.5818840579710145 0.7728260869565218 0.6108695652173912 0.7108695652173913 0.6108695652173912
3 0.6619565217391304 0.5739130434782609 0.7010869565217391 0.5739130434782609 0.7010869565217391 0.5884057971014494 0.6619565217391304 0.5884057971014494
3 0.6516304347826087 0.5594202898550724 0.6875 0.5594202898550724 0.6875 0.5739130434782609 0.6516304347826087 0.5739130434782609
3 0.5853260869565218 0.5289855072463768 0.6798913043478261 0.5289855072463768 0.6798913043478261 0.5601449275362319 0.5853260869565218 0.5601449275362319
3 0.6777173913043478 0.5398550724637682 0.7195652173913044 0.5398550724637682 0.7195652173913044 0.5608695652173913 0.6777173913043478 0.5608695652173913
3 0.725 0.5202898550724637 0.7548913043478261 0.5202898550724637 0.7548913043478261 0.5355072463768116 0.725 0.5355072463768116
3 0.6347826086956522 0.49999999999999994 0.657608695652174 0.49999999999999994 0.657608695652174 0.5094202898550724 0.6347826086956522 0.5094202898550724
3 0.42391304347826086 0.5079710144927536 0.44565217391304346 0.5079710144927536 0.44565217391304346 0.518840579710145 0.42391304347826086 0.518840579710145
3 0.46195652173913043 0.47898550724637684 0.47391304347826085 0.47898550724637684 0.47391304347826085 0.48333333333333334 0.46195652173913043 0.48333333333333334
3 0.46304347826086956 0.4746376811594203 0.475 0.4746376811594203 0.475 0.4789855072463768 0.46304347826086956 0.4789855072463768
3 0.48695652173913045 0.4608695652173913 0.4945652173913044 0.4608695652173913 0.4945652173913044 0.4644927536231884 0.48695652173913045 0.4644927536231884