3 0.5081521739130436 0.5202898550724637 0.5646739130434782 0.5202898550724637 0.5646739130434782 0.5463768115942029 0.5081521739130436 0.5463768115942029
3 0.6038043478260869 0.5115942028985506 0.6233695652173913 0.5115942028985506 0.6233695652173913 0.5253623188405797 0.6038043478260869 0.5253623188405797
3 0.4766304347826087 0.4905797101449275 0.5 0.4905797101449275 0.5 0.5043478260869565 0.4766304347826087 0.5043478260869565
3 0.38913043478260867 0.4579710144927536 0.41630434782608694 0.4579710144927536 0.41630434782608694 0.4673913043478261 0.38913043478260867 0.4673913043478261
3 0.43967391304347825 0.44855072463768114 0.4836956521739131 0.44855072463768114 0.4836956521739131 0.4557971014492754 0.43967391304347825 0.4557971014492754
3 0.47282608695652173 0.45507246376811594 0.49184782608695654 0.45507246376811594 0.49184782608695654 0.4608695652173913 0.47282608695652173 0.4608695652173913
3 0.5081521739130436 0.5202898550724637 0.5646739130434782 0.5202898550724637 0.5646739130434782 0.5463768115942029 0.5081521739130436 0.5463768115942029
3 0.6038043478260869 0.5115942028985506 0.6233695652173913 0.5115942028985506 0.6233695652173913 0.5253623188405797 0.6038043478260869 0.5253623188405797
3 0.4766304347826087 0.4905797101449275 0.5 0.4905797101449275 0.5 0.5043478260869565 0.4766304347826087 0.5043478260869565
3 0.38913043478260867 0.4579710144927536 0.41630434782608694 0.4579710144927536 0.41630434782608694 0.4673913043478261 0.38913043478260867 0.4673913043478261
3 0.43967391304347825 0.44855072463768114 0.4836956521739131 0.44855072463768114 0.4836956521739131 0.4557971014492754 0.43967391304347825 0.4557971014492754
3 0.47282608695652173 0.45507246376811594 0.49184782608695654 0.45507246376811594 0.49184782608695654 0.4608695652173913 0.47282608695652173 0.4608695652173913