3 0.6809782608695653 0.5818840579710145 0.7478260869565218 0.5818840579710145 0.7478260869565218 0.627536231884058 0.6809782608695653 0.627536231884058
3 0.6418478260869566 0.5398550724637682 0.6804347826086957 0.5398550724637682 0.6804347826086957 0.5601449275362319 0.6418478260869566 0.5601449275362319
3 0.5141304347826087 0.558695652173913 0.5445652173913044 0.558695652173913 0.5445652173913044 0.5833333333333333 0.5141304347826087 0.5833333333333333
3 0.5391304347826087 0.5028985507246376 0.5766304347826088 0.5028985507246376 0.5766304347826088 0.5173913043478261 0.5391304347826087 0.5173913043478261
3 0.5206521739130434 0.46376811594202894 0.5304347826086957 0.46376811594202894 0.5304347826086957 0.4688405797101449 0.5206521739130434 0.4688405797101449
3 0.5581521739130435 0.46159420289855074 0.5668478260869565 0.46159420289855074 0.5668478260869565 0.46594202898550724 0.5581521739130435 0.46594202898550724
3 0.6809782608695653 0.5818840579710145 0.7478260869565218 0.5818840579710145 0.7478260869565218 0.627536231884058 0.6809782608695653 0.627536231884058
3 0.6418478260869566 0.5398550724637682 0.6804347826086957 0.5398550724637682 0.6804347826086957 0.5601449275362319 0.6418478260869566 0.5601449275362319
3 0.5141304347826087 0.558695652173913 0.5445652173913044 0.558695652173913 0.5445652173913044 0.5833333333333333 0.5141304347826087 0.5833333333333333
3 0.5391304347826087 0.5028985507246376 0.5766304347826088 0.5028985507246376 0.5766304347826088 0.5173913043478261 0.5391304347826087 0.5173913043478261
3 0.5206521739130434 0.46376811594202894 0.5304347826086957 0.46376811594202894 0.5304347826086957 0.4688405797101449 0.5206521739130434 0.4688405797101449
3 0.5581521739130435 0.46159420289855074 0.5668478260869565 0.46159420289855074 0.5668478260869565 0.46594202898550724 0.5581521739130435 0.46594202898550724