3 0.6521739130434783 0.5166666666666666 0.7016304347826088 0.5166666666666666 0.7016304347826088 0.5398550724637681 0.6521739130434783 0.5398550724637681
3 0.5592391304347826 0.4992753623188406 0.6206521739130435 0.4992753623188406 0.6206521739130435 0.5144927536231885 0.5592391304347826 0.5144927536231885
3 0.5304347826086956 0.45289855072463764 0.5413043478260869 0.45289855072463764 0.5413043478260869 0.4579710144927536 0.5304347826086956 0.4579710144927536
3 0.5353260869565217 0.444927536231884 0.55 0.444927536231884 0.55 0.45 0.5353260869565217 0.45
3 0.48206521739130437 0.4355072463768116 0.4945652173913043 0.4355072463768116 0.4945652173913043 0.4398550724637681 0.48206521739130437 0.4398550724637681
3 0.5059782608695652 0.4326086956521739 0.528804347826087 0.4326086956521739 0.528804347826087 0.4384057971014493 0.5059782608695652 0.4384057971014493
3 0.6521739130434783 0.5166666666666666 0.7016304347826088 0.5166666666666666 0.7016304347826088 0.5398550724637681 0.6521739130434783 0.5398550724637681
3 0.5592391304347826 0.4992753623188406 0.6206521739130435 0.4992753623188406 0.6206521739130435 0.5144927536231885 0.5592391304347826 0.5144927536231885
3 0.5304347826086956 0.45289855072463764 0.5413043478260869 0.45289855072463764 0.5413043478260869 0.4579710144927536 0.5304347826086956 0.4579710144927536
3 0.5353260869565217 0.444927536231884 0.55 0.444927536231884 0.55 0.45 0.5353260869565217 0.45
3 0.48206521739130437 0.4355072463768116 0.4945652173913043 0.4355072463768116 0.4945652173913043 0.4398550724637681 0.48206521739130437 0.4398550724637681
3 0.5059782608695652 0.4326086956521739 0.528804347826087 0.4326086956521739 0.528804347826087 0.4384057971014493 0.5059782608695652 0.4384057971014493