3 0.5173913043478261 0.5152173913043478 0.542391304347826 0.5152173913043478 0.542391304347826 0.5282608695652173 0.5173913043478261 0.5282608695652173
3 0.5271739130434782 0.47753623188405797 0.5565217391304348 0.47753623188405797 0.5565217391304348 0.4847826086956522 0.5271739130434782 0.4847826086956522
3 0.5032608695652174 0.4666666666666667 0.5201086956521739 0.4666666666666667 0.5201086956521739 0.47246376811594204 0.5032608695652174 0.47246376811594204
3 0.4342391304347826 0.44999999999999996 0.45652173913043476 0.44999999999999996 0.45652173913043476 0.45507246376811594 0.4342391304347826 0.45507246376811594
3 0.4717391304347826 0.44420289855072465 0.5065217391304347 0.44420289855072465 0.5065217391304347 0.44855072463768114 0.4717391304347826 0.44855072463768114
3 0.4956521739130435 0.44855072463768114 0.5119565217391304 0.44855072463768114 0.5119565217391304 0.45217391304347826 0.4956521739130435 0.45217391304347826
3 0.5173913043478261 0.5152173913043478 0.542391304347826 0.5152173913043478 0.542391304347826 0.5282608695652173 0.5173913043478261 0.5282608695652173
3 0.5271739130434782 0.47753623188405797 0.5565217391304348 0.47753623188405797 0.5565217391304348 0.4847826086956522 0.5271739130434782 0.4847826086956522
3 0.5032608695652174 0.4666666666666667 0.5201086956521739 0.4666666666666667 0.5201086956521739 0.47246376811594204 0.5032608695652174 0.47246376811594204
3 0.4342391304347826 0.44999999999999996 0.45652173913043476 0.44999999999999996 0.45652173913043476 0.45507246376811594 0.4342391304347826 0.45507246376811594
3 0.4717391304347826 0.44420289855072465 0.5065217391304347 0.44420289855072465 0.5065217391304347 0.44855072463768114 0.4717391304347826 0.44855072463768114
3 0.4956521739130435 0.44855072463768114 0.5119565217391304 0.44855072463768114 0.5119565217391304 0.45217391304347826 0.4956521739130435 0.45217391304347826