3 0.1639344262295082 0.5499999999999999 0.3700234192037471 0.5499999999999999 0.3700234192037471 0.6666666666666666 0.1639344262295082 0.6666666666666666
3 0.41451990632318503 0.6466666666666666 0.5761124121779859 0.6466666666666666 0.5761124121779859 0.7633333333333333 0.41451990632318503 0.7633333333333333
3 0.2927400468384075 0.7933333333333333 0.43091334894613587 0.7933333333333333 0.43091334894613587 0.9500000000000001 0.2927400468384075 0.9500000000000001
3 0.6791569086651055 0.9366666666666666 0.7915690866510539 0.9366666666666666 0.7915690866510539 0.9966666666666667 0.6791569086651055 0.9966666666666667
3 0.13817330210772832 0.4733333333333334 0.2177985948477752 0.4733333333333334 0.2177985948477752 0.53 0.13817330210772832 0.53
3 0.04449648711943794 0.44999999999999996 0.13114754098360656 0.44999999999999996 0.13114754098360656 0.5 0.04449648711943794 0.5
3 0.297423887587822 0.42 0.4285714285714286 0.42 0.4285714285714286 0.47333333333333333 0.297423887587822 0.47333333333333333
3 0.21311475409836067 0.4266666666666667 0.2903981264637002 0.4266666666666667 0.2903981264637002 0.4633333333333333 0.21311475409836067 0.4633333333333333
3 0.2154566744730679 0.38666666666666666 0.25995316159250587 0.38666666666666666 0.25995316159250587 0.4166666666666667 0.2154566744730679 0.4166666666666667
3 0.7119437939110069 0.48666666666666664 0.8009367681498829 0.48666666666666664 0.8009367681498829 0.52 0.7119437939110069 0.52
3 0.9297423887587821 0.49333333333333335 0.9976580796252927 0.49333333333333335 0.9976580796252927 0.5666666666666667 0.9297423887587821 0.5666666666666667