3 0.1414065 0.7347225 0.1984375 0.7347225 0.1984375 0.8083335 0.1414065 0.8083335
3 0.45156250000000003 0.6027775 0.5046875000000001 0.6027775 0.5046875000000001 0.6513884999999999 0.45156250000000003 0.6513884999999999
3 0.4109375 0.5597225 0.4578125 0.5597225 0.4578125 0.5986115 0.4109375 0.5986115
3 0.6390625 0.6944445 0.6859375 0.6944445 0.6859375 0.7402775 0.6390625 0.7402775
3 0.6968745000000001 0.7597225 0.7648435 0.7597225 0.7648435 0.8333335000000001 0.6968745000000001 0.8333335000000001
3 0.5937494999999999 0.7486115 0.6515625 0.7486115 0.6515625 0.8125005000000001 0.5937494999999999 0.8125005000000001
3 0.5867184999999999 0.823611 0.6484375 0.823611 0.6484375 0.855555 0.5867184999999999 0.855555
3 0.059375000000000004 0.8458335 0.114063 0.8458335 0.114063 0.8819445 0.059375000000000004 0.8819445
3 0.5265625 0.5694440000000001 0.5585935 0.5694440000000001 0.5585935 0.594444 0.5265625 0.594444
3 0.489844 0.5277775 0.535938 0.5277775 0.535938 0.5611105000000001 0.489844 0.5611105000000001
3 0.49062500000000003 0.7138885 0.573437 0.7138885 0.573437 0.7749995 0.49062500000000003 0.7749995