3 0.4171875 0.49722249999999996 0.5375004999999999 0.49722249999999996 0.5375004999999999 0.6305554999999999 0.4171875 0.6305554999999999
3 0.3890625 0.6222225 0.5343755 0.6222225 0.5343755 0.7861115 0.3890625 0.7861115
3 0.3343755 0.40416599999999997 0.45000049999999997 0.40416599999999997 0.45000049999999997 0.472222 0.3343755 0.472222
3 0.33125 0.3180555 0.414062 0.3180555 0.414062 0.3541665 0.33125 0.3541665
3 0.3109375 0.2347225 0.4000005 0.2347225 0.4000005 0.2986115 0.3109375 0.2986115
3 0.0515625 0.31111049999999996 0.14062550000000001 0.31111049999999996 0.14062550000000001 0.3777775 0.0515625 0.3777775
3 0.16562549999999998 0.322222 0.3187505 0.322222 0.3187505 0.41944400000000004 0.16562549999999998 0.41944400000000004
3 0.0023440000000000127 0.5027780000000001 0.35625 0.5027780000000001 0.35625 0.6625 0.0023440000000000127 0.6625
3 0.1539065 0.855556 0.5195315 0.855556 0.5195315 0.9930559999999999 0.1539065 0.9930559999999999
3 0.1585935 0.1499995 0.35781250000000003 0.1499995 0.35781250000000003 0.2541665 0.1585935 0.2541665
3 0.003906499999999993 0.166667 0.14453149999999998 0.166667 0.14453149999999998 0.288889 0.003906499999999993 0.288889