3 0.5109285 0.7100005 0.7704915 0.7100005 0.7704915 0.9133335 0.5109285 0.9133335
3 0.54918 0.44666700000000004 0.7568299999999999 0.44666700000000004 0.7568299999999999 0.536667 0.54918 0.536667
3 0.663934 0.36333299999999996 0.8442620000000001 0.36333299999999996 0.8442620000000001 0.413333 0.663934 0.413333
3 0.7049175 0.29333299999999995 0.8278685 0.29333299999999995 0.8278685 0.333333 0.7049175 0.333333
3 0.6366125 0.26666650000000003 0.7431695 0.26666650000000003 0.7431695 0.2999995 0.6366125 0.2999995
3 0.595629 0.24333349999999998 0.691257 0.24333349999999998 0.691257 0.2700005 0.595629 0.2700005
3 0.677596 0.2033335 0.74317 0.2033335 0.74317 0.2300005 0.677596 0.2300005
3 0.3770495 0.38666649999999997 0.5000005 0.38666649999999997 0.5000005 0.4333335 0.3770495 0.4333335
3 0.398907 0.346667 0.48633899999999997 0.346667 0.48633899999999997 0.38666700000000004 0.398907 0.38666700000000004
3 0.49999999999999994 0.3 0.5737699999999999 0.3 0.5737699999999999 0.33 0.49999999999999994 0.33
3 0.34153 0.3100005 0.431694 0.3100005 0.431694 0.34333349999999996 0.34153 0.34333349999999996
3 0.013661499999999993 0.703333 0.1366125 0.703333 0.1366125 0.8033330000000001 0.013661499999999993 0.8033330000000001