3 0.07500000000000001 0.5099995 0.4875 0.5099995 0.4875 0.7766665 0.07500000000000001 0.7766665
3 0.21458349999999998 0.396667 0.2916665 0.396667 0.2916665 0.436667 0.21458349999999998 0.436667
3 0.0708335 0.7999995000000001 0.1979165 0.7999995000000001 0.1979165 0.9966665 0.0708335 0.9966665
3 0.5687495 0.6433335 0.7104165 0.6433335 0.7104165 0.7866664999999999 0.5687495 0.7866664999999999
3 0.6499995 0.8033334999999999 0.7354165 0.8033334999999999 0.7354165 0.9400005 0.6499995 0.9400005
3 0.7500005000000001 0.7533335 0.8708335 0.7533335 0.8708335 0.8966664999999999 0.7500005000000001 0.8966664999999999
3 0.745833 0.6033329999999999 0.9083330000000001 0.6033329999999999 0.9083330000000001 0.723333 0.745833 0.723333
3 0.7604165 0.4833335000000001 0.9958335 0.4833335000000001 0.9958335 0.6266665 0.7604165 0.6266665
3 0.6687495 0.416667 0.7541665000000001 0.416667 0.7541665000000001 0.49666699999999997 0.6687495 0.49666699999999997
3 0.704167 0.363333 0.8354170000000001 0.363333 0.8354170000000001 0.43333299999999997 0.704167 0.43333299999999997
3 0.5270835 0.46666650000000004 0.6729164999999999 0.46666650000000004 0.6729164999999999 0.6133335 0.5270835 0.6133335
3 0.4437505 0.386667 0.5145835 0.386667 0.5145835 0.45666700000000005 0.4437505 0.45666700000000005
3 0.897917 0.7266665 0.997917 0.7266665 0.997917 0.8599994999999999 0.897917 0.8599994999999999
3 0.4604165 0.6766669999999999 0.5249995 0.6766669999999999 0.5249995 0.786667 0.4604165 0.786667
3 0.8687505 0.32999999999999996 0.9958335 0.32999999999999996 0.9958335 0.39 0.8687505 0.39
3 0.9437494999999999 0.4266665 0.9979165 0.4266665 0.9979165 0.47999949999999997 0.9437494999999999 0.47999949999999997