3 0.29159519725557465 0.49666666666666665 0.3979416809605489 0.49666666666666665 0.3979416809605489 0.59 0.29159519725557465 0.59
3 0.3276157804459691 0.41000000000000003 0.40480274442538594 0.41000000000000003 0.40480274442538594 0.4766666666666667 0.3276157804459691 0.4766666666666667
3 0.4425385934819897 0.4633333333333333 0.5111492281303602 0.4633333333333333 0.5111492281303602 0.5166666666666666 0.4425385934819897 0.5166666666666666
3 0.5471698113207547 0.48666666666666664 0.6174957118353345 0.48666666666666664 0.6174957118353345 0.5399999999999999 0.5471698113207547 0.5399999999999999
3 0.5540308747855918 0.35 0.6226415094339623 0.35 0.6226415094339623 0.41333333333333333 0.5540308747855918 0.41333333333333333
3 0.6843910806174958 0.35333333333333333 0.7478559176672384 0.35333333333333333 0.7478559176672384 0.4266666666666667 0.6843910806174958 0.4266666666666667
3 0.4030874785591767 0.6 0.5591766723842195 0.6 0.5591766723842195 0.7433333333333333 0.4030874785591767 0.7433333333333333
3 0.4631217838765009 0.7733333333333334 0.5694682675814752 0.7733333333333334 0.5694682675814752 0.9133333333333333 0.4631217838765009 0.9133333333333333
3 0.8198970840480274 0.07666666666666666 0.9828473413379074 0.07666666666666666 0.9828473413379074 0.17333333333333334 0.8198970840480274 0.17333333333333334
3 0.45283018867924524 0.16666666666666669 0.562607204116638 0.16666666666666669 0.562607204116638 0.22333333333333333 0.45283018867924524 0.22333333333333333
3 0.31389365351629506 0.2633333333333333 0.38250428816466553 0.2633333333333333 0.38250428816466553 0.30666666666666664 0.31389365351629506 0.30666666666666664
3 0.23670668953687818 0.18666666666666668 0.3018867924528302 0.18666666666666668 0.3018867924528302 0.24000000000000002 0.23670668953687818 0.24000000000000002
3 0.18524871355060035 0.24 0.241852487135506 0.24 0.241852487135506 0.29333333333333333 0.18524871355060035 0.29333333333333333
3 0.08404802744425388 0.27 0.18181818181818182 0.27 0.18181818181818182 0.33333333333333337 0.08404802744425388 0.33333333333333337
3 0.18524871355060035 0.3433333333333334 0.28130360205831906 0.3433333333333334 0.28130360205831906 0.42333333333333334 0.18524871355060035 0.42333333333333334
3 0.3173241852487136 0.31 0.37221269296740994 0.31 0.37221269296740994 0.35333333333333333 0.3173241852487136 0.35333333333333333
3 0.7204116638078902 0.22333333333333333 0.7787307032590051 0.22333333333333333 0.7787307032590051 0.26666666666666666 0.7204116638078902 0.26666666666666666