3 0.311111 0.7733335 0.448889 0.7733335 0.448889 0.8700005000000001 0.311111 0.8700005000000001
3 0.444445 0.7266665 0.526667 0.7266665 0.526667 0.7833335 0.444445 0.7833335
3 0.1911115 0.57 0.3244445 0.57 0.3244445 0.65 0.1911115 0.65
3 0.3999995 0.5666665 0.4688885 0.5666665 0.4688885 0.6133335 0.3999995 0.6133335
3 0.522222 0.5800004999999999 0.602222 0.5800004999999999 0.602222 0.6133335 0.522222 0.6133335
3 0.6666665 0.5733334999999999 0.7155555 0.5733334999999999 0.7155555 0.6066665 0.6666665 0.6066665
3 0.511111 0.5599995 0.6288889999999999 0.5599995 0.6288889999999999 0.5866665 0.511111 0.5866665
3 0.38666700000000004 0.4699995 0.471111 0.4699995 0.471111 0.5166665 0.38666700000000004 0.5166665
3 0.271111 0.48 0.33555500000000005 0.48 0.33555500000000005 0.52 0.271111 0.52
3 0.708889 0.7166665 0.833333 0.7166665 0.833333 0.7699995000000001 0.708889 0.7699995000000001
3 0.7866665 0.7799995 0.8955555000000001 0.7799995 0.8955555000000001 0.8266665 0.7866665 0.8266665