3 0.7628635 0.4533335 0.8232665 0.4533335 0.8232665 0.5066665 0.7628635 0.5066665
3 0.4944075 0.3166665 0.7449665 0.3166665 0.7449665 0.3899995 0.4944075 0.3899995
3 0.004474999999999993 0.483333 0.24161100000000002 0.483333 0.24161100000000002 0.773333 0.004474999999999993 0.773333
3 0.002237000000000003 0.786667 0.100671 0.786667 0.100671 0.996667 0.002237000000000003 0.996667
3 0.37360150000000003 0.7099995 0.7449665 0.7099995 0.7449665 0.9766665 0.37360150000000003 0.9766665
3 0.718121 0.6533334999999999 0.796421 0.6533334999999999 0.796421 0.7266665 0.718121 0.7266665
3 0.458613 0.496667 0.588367 0.496667 0.588367 0.576667 0.458613 0.576667
3 0.35570450000000003 0.603333 0.4161075 0.603333 0.4161075 0.643333 0.35570450000000003 0.643333
3 0.3064875 0.3933335 0.3668905 0.3933335 0.3668905 0.43666649999999996 0.3064875 0.43666649999999996
3 0.6465325 0.41333349999999996 0.7583895 0.41333349999999996 0.7583895 0.4800005 0.6465325 0.4800005
3 0.695749 0.5066665 0.742729 0.5066665 0.742729 0.5399995000000001 0.695749 0.5399995000000001
3 0.807606 0.5833335 0.863534 0.5833335 0.863534 0.6400005 0.807606 0.6400005
3 0.7673375 0.746667 0.8277405 0.746667 0.8277405 0.806667 0.7673375 0.806667
3 0.297539 0.2966665 0.467561 0.2966665 0.467561 0.33999949999999995 0.297539 0.33999949999999995