3 0.5220885 0.6433329999999999 0.9397595000000001 0.6433329999999999 0.9397595000000001 0.763333 0.5220885 0.763333
3 0.1726905 0.5233329999999999 0.4738955 0.5233329999999999 0.4738955 0.613333 0.1726905 0.613333
3 0.09839350000000001 0.44666649999999997 0.2931725 0.44666649999999997 0.2931725 0.5133335 0.09839350000000001 0.5133335
3 0.35542149999999995 0.4033335 0.5321285 0.4033335 0.5321285 0.4500005 0.35542149999999995 0.4500005
3 0.07630500000000001 0.35333349999999997 0.176707 0.35333349999999997 0.176707 0.3866665 0.07630500000000001 0.3866665
3 0.0020075000000000023 0.32999999999999996 0.0441765 0.32999999999999996 0.0441765 0.36 0.0020075000000000023 0.36
3 0.47991900000000004 0.2333335 0.5803210000000001 0.2333335 0.5803210000000001 0.2600005 0.47991900000000004 0.2600005
3 0.5502009999999999 0.16999999999999998 0.686747 0.16999999999999998 0.686747 0.19 0.5502009999999999 0.19
3 0.606425 0.4566665 0.7028110000000001 0.4566665 0.7028110000000001 0.5133335 0.606425 0.5133335
3 0.8293175 0.33333349999999995 0.8835345 0.33333349999999995 0.8835345 0.3566665 0.8293175 0.3566665
3 0.8714864999999999 0.35 0.9437755 0.35 0.9437755 0.38 0.8714864999999999 0.38
3 0.7008035 0.226667 0.7610445 0.226667 0.7610445 0.266667 0.7008035 0.266667
3 0.248996 0.2799995 0.39156599999999997 0.2799995 0.39156599999999997 0.3066665 0.248996 0.3066665