3 0.0018760000000000027 0.42000000000000004 0.11257 0.42000000000000004 0.11257 0.49 0.0018760000000000027 0.49
3 0.34146350000000003 0.4166665 0.3921205 0.4166665 0.3921205 0.45999949999999995 0.34146350000000003 0.45999949999999995
3 0.5872415 0.22 0.6172605 0.22 0.6172605 0.24000000000000002 0.5872415 0.24000000000000002
3 0.622889 0.2933335 0.7129449999999999 0.2933335 0.7129449999999999 0.32666649999999997 0.622889 0.32666649999999997
3 0.6003755000000001 0.353333 0.6529085 0.353333 0.6529085 0.38333300000000003 0.6003755000000001 0.38333300000000003
3 0.5028145 0.28666650000000005 0.5534715 0.28666650000000005 0.5534715 0.3199995 0.5028145 0.3199995
3 0.45215799999999995 0.5366664999999999 0.538462 0.5366664999999999 0.538462 0.6033335 0.45215799999999995 0.6033335
3 0.3264535 0.6033329999999999 0.48592850000000004 0.6033329999999999 0.48592850000000004 0.713333 0.3264535 0.713333
3 0.600375 0.5133335 0.6454030000000001 0.5133335 0.6454030000000001 0.5466665 0.600375 0.5466665
3 0.577861 0.616667 0.7786109999999999 0.616667 0.7786109999999999 0.706667 0.577861 0.706667
3 0.611632 0.7566665 0.787992 0.7566665 0.787992 0.9433334999999999 0.611632 0.9433334999999999
3 0.6885555 0.49000000000000005 0.8105064999999999 0.49000000000000005 0.8105064999999999 0.5900000000000001 0.6885555 0.5900000000000001
3 0.3921205 0.2733335 0.4258915 0.2733335 0.4258915 0.28666650000000005 0.3921205 0.28666650000000005
3 0.5609755000000001 0.2366665 0.6116325 0.2366665 0.6116325 0.2599995 0.5609755000000001 0.2599995
3 0.5347095000000001 0.2533335 0.5722325 0.2533335 0.5722325 0.27666650000000004 0.5347095000000001 0.27666650000000004