3 0.035417 0.5944445 0.11927099999999999 0.5944445 0.11927099999999999 0.6314815 0.035417 0.6314815
3 0.1177085 0.5518525 0.1906255 0.5518525 0.1906255 0.5833335000000001 0.1177085 0.5833335000000001
3 0.7588545 0.8037040000000001 0.8395835 0.8037040000000001 0.8395835 0.85 0.7588545 0.85
3 0.8468745 0.914815 0.9046875000000001 0.914815 0.9046875000000001 0.959259 0.8468745 0.959259
3 0.760417 0.5898145 0.9416669999999999 0.5898145 0.9416669999999999 0.6481475 0.760417 0.6481475
3 0.7661454999999999 0.484259 0.8031245 0.484259 0.8031245 0.506481 0.7661454999999999 0.506481
3 0.49531250000000004 0.5314815 0.5385415 0.5314815 0.5385415 0.5490745 0.49531250000000004 0.5490745
3 0.375 0.464815 0.4125 0.464815 0.4125 0.485185 0.375 0.485185
3 0.4260415 0.461111 0.4468745 0.461111 0.4468745 0.48333299999999996 0.4260415 0.48333299999999996
3 0.4713545 0.4240745 0.5046875 0.4240745 0.5046875 0.43703749999999997 0.4713545 0.43703749999999997
3 0.3458335 0.5175930000000001 0.3989585 0.5175930000000001 0.3989585 0.541667 0.3458335 0.541667