3 0.5729164999999999 0.881481 0.6999995 0.881481 0.6999995 0.961111 0.5729164999999999 0.961111
3 0.4749995 0.7740745 0.5567705000000001 0.7740745 0.5567705000000001 0.8129635 0.4749995 0.8129635
3 0.4359375 0.6703705 0.5276045 0.6703705 0.5276045 0.7027775 0.4359375 0.7027775
3 0.6473955 0.7685185 0.7078125 0.7685185 0.7078125 0.8064815 0.6473955 0.8064815
3 0.6614585 0.7027775 0.7281255 0.7027775 0.7281255 0.7407405 0.6614585 0.7407405
3 0.7593749999999999 0.9527779999999999 0.827083 0.9527779999999999 0.827083 1.0 0.7593749999999999 1.0
3 0.7557294999999999 0.885185 0.7927085 0.885185 0.7927085 0.905555 0.7557294999999999 0.905555
3 0.6250005000000001 0.639815 0.6520835 0.639815 0.6520835 0.6648149999999999 0.6250005000000001 0.6648149999999999
3 0.386458 0.5296299999999999 0.422916 0.5296299999999999 0.422916 0.557408 0.386458 0.557408
3 0.440104 0.548148 0.480208 0.548148 0.480208 0.575926 0.440104 0.575926
3 0.4343745 0.7166665 0.46874950000000004 0.7166665 0.46874950000000004 0.7351854999999999 0.4343745 0.7351854999999999