3 0.001953125 0.3277777777777778 0.329296875 0.3277777777777778 0.329296875 0.45694444444444443 0.001953125 0.45694444444444443
3 0.330859375 0.30277777777777776 0.399609375 0.30277777777777776 0.399609375 0.36527777777777776 0.330859375 0.36527777777777776
3 0.45820312500000004 0.3125 0.614453125 0.3125 0.614453125 0.37777777777777777 0.45820312500000004 0.37777777777777777
3 0.523828125 0.39722222222222225 0.8019531249999999 0.39722222222222225 0.8019531249999999 0.5263888888888889 0.523828125 0.5263888888888889
3 0.47929687499999996 0.23750000000000002 0.545703125 0.23750000000000002 0.545703125 0.2847222222222222 0.47929687499999996 0.2847222222222222
3 0.248828125 0.6819444444444445 0.608203125 0.6819444444444445 0.608203125 0.9624999999999999 0.248828125 0.9624999999999999
3 0.6089843749999999 0.548611111111111 0.873046875 0.548611111111111 0.873046875 0.7125 0.6089843749999999 0.7125
3 0.436328125 0.5333333333333333 0.594140625 0.5333333333333333 0.594140625 0.6013888888888889 0.436328125 0.6013888888888889
3 0.014453124999999983 0.5055555555555555 0.426171875 0.5055555555555555 0.426171875 0.7027777777777777 0.014453124999999983 0.7027777777777777
3 0.0 0.7166666666666666 0.11640625 0.7166666666666666 0.11640625 0.8694444444444445 0.0 0.8694444444444445
3 0.90234375 0.6930555555555555 1.0 0.6930555555555555 1.0 0.7958333333333334 0.90234375 0.7958333333333334
3 0.9796875 0.5875 1.0 0.5875 1.0 0.6333333333333334 0.9796875 0.6333333333333334
3 0.8609375 0.39999999999999997 0.9382812500000001 0.39999999999999997 0.9382812500000001 0.45694444444444443 0.8609375 0.45694444444444443
3 0.0011718750000000028 0.27638888888888885 0.204296875 0.27638888888888885 0.204296875 0.325 0.0011718750000000028 0.325
3 0.36679687499999997 0.2013888888888889 0.451953125 0.2013888888888889 0.451953125 0.25972222222222224 0.36679687499999997 0.25972222222222224