3 0.6557291666666666 0.8574074074074074 0.7515625 0.8574074074074074 0.7515625 0.9287037037037038 0.6557291666666666 0.9287037037037038
3 0.40494791666666663 0.7523148148148149 0.48463541666666665 0.7523148148148149 0.48463541666666665 0.7976851851851852 0.40494791666666663 0.7976851851851852
3 0.6364583333333333 0.7379629629629629 0.7 0.7379629629629629 0.7 0.7842592592592592 0.6364583333333333 0.7842592592592592
3 0.5067708333333333 0.6615740740740741 0.5848958333333333 0.6615740740740741 0.5848958333333333 0.7087962962962964 0.5067708333333333 0.7087962962962964
3 0.6169270833333332 0.6986111111111111 0.6466145833333333 0.6986111111111111 0.6466145833333333 0.7143518518518519 0.6169270833333332 0.7143518518518519
3 0.6268229166666667 0.661574074074074 0.6481770833333332 0.661574074074074 0.6481770833333332 0.6800925925925926 0.6268229166666667 0.6800925925925926
3 0.459375 0.6162037037037037 0.5140625 0.6162037037037037 0.5140625 0.6402777777777778 0.459375 0.6402777777777778
3 0.446875 0.5634259259259259 0.5135416666666667 0.5634259259259259 0.5135416666666667 0.5847222222222223 0.446875 0.5847222222222223
3 0.4609375 0.4837962962962963 0.5046875 0.4837962962962963 0.5046875 0.5013888888888889 0.4609375 0.5013888888888889
3 0.6096354166666667 0.576851851851852 0.65703125 0.576851851851852 0.65703125 0.6046296296296296 0.6096354166666667 0.6046296296296296
3 0.58203125 0.6124999999999999 0.62421875 0.6124999999999999 0.62421875 0.6365740740740741 0.58203125 0.6365740740740741