3 0.7319444444444444 0.6513888888888889 0.798611111111111 0.6513888888888889 0.798611111111111 0.6958333333333334 0.7319444444444444 0.6958333333333334
3 0.13194444444444448 0.6597222222222222 0.2833333333333333 0.6597222222222222 0.2833333333333333 0.7041666666666667 0.13194444444444448 0.7041666666666667
3 0.28472222222222227 0.8055555555555556 0.3902777777777778 0.8055555555555556 0.3902777777777778 0.851388888888889 0.28472222222222227 0.851388888888889
3 0.3583333333333333 0.6527777777777778 0.4666666666666667 0.6527777777777778 0.4666666666666667 0.7083333333333334 0.3583333333333333 0.7083333333333334
3 0.49722222222222223 0.6277777777777778 0.5638888888888889 0.6277777777777778 0.5638888888888889 0.6722222222222223 0.49722222222222223 0.6722222222222223
3 0.7944444444444444 0.6902777777777778 0.8930555555555556 0.6902777777777778 0.8930555555555556 0.7402777777777778 0.7944444444444444 0.7402777777777778
3 0.7236111111111111 0.7097222222222223 0.7708333333333334 0.7097222222222223 0.7708333333333334 0.7388888888888888 0.7236111111111111 0.7388888888888888
3 0.5694444444444444 0.7236111111111112 0.6166666666666667 0.7236111111111112 0.6166666666666667 0.7527777777777778 0.5694444444444444 0.7527777777777778
3 0.5458333333333334 0.5638888888888889 0.6180555555555556 0.5638888888888889 0.6180555555555556 0.6069444444444445 0.5458333333333334 0.6069444444444445
3 0.13194444444444445 0.7138888888888888 0.29027777777777775 0.7138888888888888 0.29027777777777775 0.8097222222222222 0.13194444444444445 0.8097222222222222
3 0.001388888888888884 0.7930555555555556 0.13333333333333333 0.7930555555555556 0.13333333333333333 0.9333333333333333 0.001388888888888884 0.9333333333333333