0 0.15701345045292342 0.8662420382165605 0.23387318144386493 0.8662420382165605 0.23387318144386493 0.9941205291523763 0.15701345045292342 0.9941205291523763
0 0.4359044743343399 0.7530622243998041 0.4537469118858084 0.7530622243998041 0.4537469118858084 0.871141597256247 0.4359044743343399 0.871141597256247
2 0.4488059291792479 0.5982361587457129 0.49601976393082625 0.5982361587457129 0.49601976393082625 0.733953944145027 0.4488059291792479 0.733953944145027
2 0.13450452923414769 0.6820186183243508 0.26763656327202856 0.6820186183243508 0.26763656327202856 0.7623713865752082 0.13450452923414769 0.7623713865752082
0 0.4757068350260774 0.7417932386085252 0.5130387043645347 0.7417932386085252 0.5130387043645347 0.8907398334149926 0.4757068350260774 0.8907398334149926
0 0.0002744990392533689 0.8461538461538461 0.06533077134230031 0.8461538461538461 0.06533077134230031 0.9103380695737383 0.0002744990392533689 0.9103380695737383
0 0.5410376063683777 0.7907888290053895 0.575349986275048 0.7907888290053895 0.575349986275048 0.8887800097991181 0.5410376063683777 0.8887800097991181
0 0.5339006313477903 0.869671729544341 0.5654680208619269 0.869671729544341 0.5654680208619269 0.965703086722195 0.5339006313477903 0.965703086722195
0 0.35931924238265167 0.8691817736403724 0.42245402141092503 0.8691817736403724 0.42245402141092503 0.9867711905928467 0.35931924238265167 0.9867711905928467
0 0.290694482569311 0.8069573738363547 0.3255558605544881 0.8069573738363547 0.3255558605544881 0.9926506614404704 0.290694482569311 0.9926506614404704
0 0.5229206697776558 0.7310142087212151 0.5369201207795773 0.7310142087212151 0.5369201207795773 0.7726604605585498 0.5229206697776558 0.7726604605585498
1 0.3664562174032391 0.7481626653601177 0.44825693110074116 0.7481626653601177 0.44825693110074116 0.7814796668299853 0.3664562174032391 0.7814796668299853
0 0.10211364260225089 0.7991180793728565 0.13972001097996156 0.7991180793728565 0.13972001097996156 0.8378245957863792 0.10211364260225089 0.8378245957863792