0 0.2621917808219178 0.5763209393346379 0.29342465753424657 0.5763209393346379 0.29342465753424657 0.598825831702544 0.2621917808219178 0.598825831702544
0 0.17178082191780822 0.6409001956947163 0.19397260273972602 0.6409001956947163 0.19397260273972602 0.6599804305283757 0.17178082191780822 0.6599804305283757
0 0.22164383561643836 0.75293542074364 0.24219178082191783 0.75293542074364 0.24219178082191783 0.8067514677103719 0.22164383561643836 0.8067514677103719
0 0.25780821917808217 0.6555772994129159 0.29315068493150687 0.6555772994129159 0.29315068493150687 0.7084148727984345 0.25780821917808217 0.7084148727984345
1 0.3726027397260274 0.9271037181996086 0.5591780821917808 0.9271037181996086 0.5591780821917808 0.958904109589041 0.3726027397260274 0.958904109589041
0 0.3876712328767123 0.5934442270058709 0.39945205479452056 0.5934442270058709 0.39945205479452056 0.6159491193737769 0.3876712328767123 0.6159491193737769
1 0.2386301369863014 0.8087084148727984 0.33643835616438356 0.8087084148727984 0.33643835616438356 0.8297455968688846 0.2386301369863014 0.8297455968688846
0 0.48027397260273974 0.8263209393346379 0.5172602739726028 0.8263209393346379 0.5172602739726028 0.8864970645792564 0.48027397260273974 0.8864970645792564
0 0.37123287671232874 0.5469667318982387 0.38767123287671235 0.5469667318982387 0.38767123287671235 0.5670254403131116 0.37123287671232874 0.5670254403131116
1 0.03835616438356164 0.8018590998043053 0.15342465753424656 0.8018590998043053 0.15342465753424656 0.8228962818003914 0.03835616438356164 0.8228962818003914
0 0.443013698630137 0.9603718199608611 0.4693150684931507 0.9603718199608611 0.4693150684931507 0.9975538160469668 0.443013698630137 0.9975538160469668
0 0.2010958904109589 0.5998043052837574 0.2550684931506849 0.5998043052837574 0.2550684931506849 0.6472602739726028 0.2010958904109589 0.6472602739726028
0 0.29726027397260274 0.5567514677103718 0.31479452054794516 0.5567514677103718 0.31479452054794516 0.576320939334638 0.29726027397260274 0.576320939334638
0 0.34054794520547943 0.5954011741682975 0.3627397260273973 0.5954011741682975 0.3627397260273973 0.613013698630137 0.34054794520547943 0.613013698630137
0 0.3934246575342466 0.5146771037181996 0.4008219178082192 0.5146771037181996 0.4008219178082192 0.5332681017612524 0.3934246575342466 0.5332681017612524
0 0.37397260273972605 0.5200587084148728 0.38794520547945205 0.5200587084148728 0.38794520547945205 0.5454990215264187 0.37397260273972605 0.5454990215264187
0 0.336986301369863 0.6183953033268101 0.34410958904109584 0.6183953033268101 0.34410958904109584 0.6350293542074363 0.336986301369863 0.6350293542074363
0 0.13342465753424657 0.6536203522504892 0.19534246575342465 0.6536203522504892 0.19534246575342465 0.699119373776908 0.13342465753424657 0.699119373776908
0 0.39506849315068493 0.547945205479452 0.4057534246575343 0.547945205479452 0.4057534246575343 0.5909980430528377 0.39506849315068493 0.5909980430528377