0 0.46465753424657535 0.7661448140900196 0.4767123287671233 0.7661448140900196 0.4767123287671233 0.8512720156555773 0.46465753424657535 0.8512720156555773
0 0.0 0.8791585127201565 0.03123287671232877 0.8791585127201565 0.03123287671232877 0.9075342465753425 0.0 0.9075342465753425
0 0.41726027397260274 0.8243639921722113 0.4383561643835617 0.8243639921722113 0.4383561643835617 0.9980430528375733 0.41726027397260274 0.9980430528375733
0 0.4441095890410959 0.8654598825831703 0.46383561643835614 0.8654598825831703 0.46383561643835614 0.9628180039138943 0.4441095890410959 0.9628180039138943
0 0.3934246575342466 0.7950097847358122 0.4167123287671233 0.7950097847358122 0.4167123287671233 0.8590998043052838 0.3934246575342466 0.8590998043052838
2 0.3917808219178082 0.5533268101761253 0.43232876712328766 0.5533268101761253 0.43232876712328766 0.6727005870841487 0.3917808219178082 0.6727005870841487
0 0.3 0.6521526418786693 0.392054794520548 0.6521526418786693 0.392054794520548 0.737279843444227 0.3 0.737279843444227
0 0.03452054794520548 0.7558708414872798 0.16 0.7558708414872798 0.16 0.8884540117416829 0.03452054794520548 0.8884540117416829
0 0.3865753424657534 0.6912915851272016 0.42849315068493155 0.6912915851272016 0.42849315068493155 0.7974559686888455 0.3865753424657534 0.7974559686888455
0 0.08191780821917807 0.9016634050880626 0.143013698630137 0.9016634050880626 0.143013698630137 0.9990215264187866 0.08191780821917807 0.9990215264187866
0 0.20904109589041098 0.7353228962818004 0.30246575342465754 0.7353228962818004 0.30246575342465754 0.9951076320939334 0.20904109589041098 0.9951076320939334
0 0.4112328767123288 0.6717221135029354 0.4402739726027397 0.6717221135029354 0.4402739726027397 0.7945205479452055 0.4112328767123288 0.7945205479452055