0 0.2608219178082192 0.5406066536203523 0.2758904109589041 0.5406066536203523 0.2758904109589041 0.5572407045009785 0.2608219178082192 0.5572407045009785
1 0.25616438356164384 0.608610567514677 0.43452054794520545 0.608610567514677 0.43452054794520545 0.6296477495107632 0.25616438356164384 0.6296477495107632
0 0.19452054794520549 0.5499021526418787 0.283013698630137 0.5499021526418787 0.283013698630137 0.6316046966731897 0.19452054794520549 0.6316046966731897
0 0.19616438356164384 0.8512720156555773 0.24054794520547945 0.8512720156555773 0.24054794520547945 0.9452054794520548 0.19616438356164384 0.9452054794520548
0 0.33835616438356164 0.5298434442270058 0.34383561643835614 0.5298434442270058 0.34383561643835614 0.5425636007827789 0.33835616438356164 0.5425636007827789
1 0.17315068493150687 0.7915851272015656 0.5191780821917809 0.7915851272015656 0.5191780821917809 0.848825831702544 0.17315068493150687 0.848825831702544
0 0.3241095890410959 0.598825831702544 0.3410958904109589 0.598825831702544 0.3410958904109589 0.6213307240704501 0.3241095890410959 0.6213307240704501
0 0.11671232876712329 0.8948140900195695 0.15534246575342464 0.8948140900195695 0.15534246575342464 0.9975538160469667 0.11671232876712329 0.9975538160469667
0 0.0005479452054794609 0.6291585127201565 0.19561643835616438 0.6291585127201565 0.19561643835616438 0.762720156555773 0.0005479452054794609 0.762720156555773
1 0.2550684931506849 0.7539138943248532 0.2873972602739726 0.7539138943248532 0.2873972602739726 0.7739726027397261 0.2550684931506849 0.7739726027397261
0 0.2884931506849315 0.5195694716242661 0.30383561643835616 0.5195694716242661 0.30383561643835616 0.5357142857142857 0.2884931506849315 0.5357142857142857