0 0.3170463903376338 0.5869671729544341 0.3554762558331046 0.5869671729544341 0.3554762558331046 0.648701616854483 0.3170463903376338 0.648701616854483
0 0.09607466373867693 0.7040666340029398 0.1682679110623113 0.7040666340029398 0.1682679110623113 0.7643312101910829 0.09607466373867693 0.7643312101910829
0 0.37469118858084 0.6780989710926016 0.38237716167993413 0.6780989710926016 0.38237716167993413 0.6942675159235668 0.37469118858084 0.6942675159235668
0 0.0 0.7942185203331701 0.03623387318144387 0.7942185203331701 0.03623387318144387 0.8211660950514453 0.0 0.8211660950514453
0 0.33324183365358223 0.8598726114649682 0.3788086741696404 0.8598726114649682 0.3788086741696404 1.0 0.33324183365358223 1.0
0 0.24979412572055995 0.5707986281234689 0.30853692012077955 0.5707986281234689 0.30853692012077955 0.6217540421362078 0.24979412572055995 0.6217540421362078
0 0.39335712325006866 0.5796178343949044 0.41010156464452374 0.5796178343949044 0.41010156464452374 0.710436060754532 0.39335712325006866 0.710436060754532
0 0.19763930826242107 0.6340029397354238 0.2379906670326654 0.6340029397354238 0.2379906670326654 0.6682998530132288 0.19763930826242107 0.6682998530132288
0 0.1446609936865221 0.9309162175404213 0.1682679110623113 0.9309162175404213 0.1682679110623113 0.9960803527682509 0.1446609936865221 0.9960803527682509
0 0.5059017293439473 0.7687408133268006 0.5709580016469943 0.7687408133268006 0.5709580016469943 0.9946104850563449 0.5059017293439473 0.9946104850563449
0 0.27642053252813614 0.9132778049975502 0.299752950864672 0.9132778049975502 0.299752950864672 0.9696227339539442 0.27642053252813614 0.9696227339539442
0 0.19983530057644797 0.6849583537481627 0.3143013999451002 0.6849583537481627 0.3143013999451002 0.8637922586967173 0.19983530057644797 0.8637922586967173
0 0.39335712325006866 0.5467907888290054 0.40214109250617625 0.5467907888290054 0.40214109250617625 0.5668789808917197 0.39335712325006866 0.5668789808917197