0 0.32116387592643425 0.7221950024497795 0.3475157836947571 0.7221950024497795 0.3475157836947571 0.7800097991180793 0.32116387592643425 0.7800097991180793
0 0.34422179522371676 0.6320431161195492 0.36233873181443865 0.6320431161195492 0.36233873181443865 0.6766291033806957 0.34422179522371676 0.6766291033806957
0 0.0 0.7834394904458598 0.13532802635190777 0.7834394904458598 0.13532802635190777 0.9505144536991671 0.0 0.9505144536991671
0 0.15948394180620368 0.7070063694267517 0.2503431237990667 0.7070063694267517 0.2503431237990667 0.8637922586967173 0.15948394180620368 0.8637922586967173
0 0.38374965687620094 0.5889269965703087 0.3955531155640955 0.5889269965703087 0.3955531155640955 0.6046055854973053 0.38374965687620094 0.6046055854973053
0 0.4751578369475707 0.8427241548260657 0.5042547351084271 0.8427241548260657 0.5042547351084271 0.9990200881920627 0.4751578369475707 0.9990200881920627
0 0.43288498490255284 0.7638412542871142 0.4633543782596761 0.7638412542871142 0.4633543782596761 0.869671729544341 0.43288498490255284 0.869671729544341
0 0.3733186933845732 0.5546300832925036 0.38512215207246775 0.5546300832925036 0.38512215207246775 0.5830475257226849 0.3733186933845732 0.5830475257226849
0 0.396651111721109 0.5698187163155316 0.4068075761734834 0.5698187163155316 0.4068075761734834 0.5879470847623715 0.396651111721109 0.5879470847623715
0 0.25857809497666756 0.8975992160705537 0.28685149601976395 0.8975992160705537 0.28685149601976395 1.0 0.25857809497666756 1.0
0 0.1872083447707933 0.5458108770210681 0.3541037606368378 0.5458108770210681 0.3541037606368378 0.9421852033317002 0.1872083447707933 0.9421852033317002
0 0.3972001097996157 0.6413522782949534 0.46884435904474336 0.6413522782949534 0.46884435904474336 0.7780499755022048 0.3972001097996157 0.7780499755022048
0 0.40872906944825693 0.9480646741793239 0.42657150699972546 0.9480646741793239 0.42657150699972546 1.0 0.40872906944825693 1.0
0 0.36590721932473236 0.6800587947084762 0.3801811693659072 0.6800587947084762 0.3801811693659072 0.7388535031847134 0.36590721932473236 0.7388535031847134
0 0.4010430963491628 0.600685938265556 0.409552566566017 0.600685938265556 0.409552566566017 0.6403723664870162 0.4010430963491628 0.6403723664870162
0 0.365632720285479 0.562469377756002 0.3735931924238265 0.562469377756002 0.3735931924238265 0.5884370406663401 0.365632720285479 0.5884370406663401
0 0.38814164150425473 0.869671729544341 0.4309634916277793 0.869671729544341 0.4309634916277793 0.9353258206761392 0.38814164150425473 0.9353258206761392
0 0.12023057919297284 0.9142577168054875 0.1866593466922866 0.9142577168054875 0.1866593466922866 0.9990200881920628 0.12023057919297284 0.9990200881920628
0 0.3044194345319791 0.7731504164625185 0.3420258029096898 0.7731504164625185 0.3420258029096898 0.9015188633023028 0.3044194345319791 0.9015188633023028
0 0.3692012077957727 0.6070553650171484 0.37606368377710675 0.6070553650171484 0.37606368377710675 0.6261636452719255 0.3692012077957727 0.6261636452719255