0 0.3786301369863014 0.6570450097847359 0.3986301369863014 0.6570450097847359 0.3986301369863014 0.7299412915851272 0.3786301369863014 0.7299412915851272
0 0.3767123287671233 0.5807240704500979 0.38931506849315073 0.5807240704500979 0.38931506849315073 0.6541095890410958 0.3767123287671233 0.6541095890410958
0 0.001095890410958908 0.6433463796477495 0.15013698630136985 0.6433463796477495 0.15013698630136985 0.7773972602739726 0.001095890410958908 0.7773972602739726
1 0.31753424657534246 0.660958904109589 0.37917808219178084 0.660958904109589 0.37917808219178084 0.713307240704501 0.31753424657534246 0.713307240704501
0 0.2821917808219178 0.9344422700587084 0.33315068493150685 0.9344422700587084 0.33315068493150685 0.9951076320939335 0.2821917808219178 0.9951076320939335
0 0.30027397260273975 0.5454990215264188 0.3104109589041096 0.5454990215264188 0.3104109589041096 0.5724070450097847 0.30027397260273975 0.5724070450097847
0 0.3306849315068493 0.5489236790606653 0.3561643835616438 0.5489236790606653 0.3561643835616438 0.6105675146771037 0.3306849315068493 0.6105675146771037
0 0.33287671232876714 0.6042074363992171 0.3476712328767123 0.6042074363992171 0.3476712328767123 0.6550880626223092 0.33287671232876714 0.6550880626223092
0 0.30356164383561646 0.613013698630137 0.3186301369863014 0.613013698630137 0.3186301369863014 0.6766144814090019 0.30356164383561646 0.6766144814090019
0 0.028767123287671233 0.7054794520547945 0.05479452054794521 0.7054794520547945 0.05479452054794521 0.7353228962818004 0.028767123287671233 0.7353228962818004
0 0.16712328767123286 0.7832681017612524 0.21643835616438356 0.7832681017612524 0.21643835616438356 0.923679060665362 0.16712328767123286 0.923679060665362
0 0.21835616438356165 0.7348336594911937 0.2452054794520548 0.7348336594911937 0.2452054794520548 0.7842465753424657 0.21835616438356165 0.7842465753424657
0 0.21013698630136987 0.5768101761252445 0.2473972602739726 0.5768101761252445 0.2473972602739726 0.6051859099804305 0.21013698630136987 0.6051859099804305
0 0.17068493150684932 0.6061643835616438 0.20273972602739726 0.6061643835616438 0.20273972602739726 0.6418786692759296 0.17068493150684932 0.6418786692759296
0 0.20904109589041095 0.6002935420743639 0.287945205479452 0.6002935420743639 0.287945205479452 0.7304305283757339 0.20904109589041095 0.7304305283757339
0 0.3594520547945206 0.6340508806262231 0.36876712328767125 0.6340508806262231 0.36876712328767125 0.6868884540117417 0.3594520547945206 0.6868884540117417
0 0.37479452054794515 0.5406066536203523 0.3884931506849315 0.5406066536203523 0.3884931506849315 0.5885518590998043 0.37479452054794515 0.5885518590998043
0 0.2947945205479452 0.589041095890411 0.3147945205479452 0.589041095890411 0.3147945205479452 0.6071428571428571 0.2947945205479452 0.6071428571428571
0 0.25178082191780826 0.5552837573385518 0.26273972602739726 0.5552837573385518 0.26273972602739726 0.5792563600782779 0.25178082191780826 0.5792563600782779
0 0.42794520547945203 0.7818003913894325 0.4775342465753425 0.7818003913894325 0.4775342465753425 0.9980430528375734 0.42794520547945203 0.9980430528375734
0 0.29506849315068495 0.6418786692759295 0.3002739726027397 0.6418786692759295 0.3002739726027397 0.6707436399217221 0.29506849315068495 0.6707436399217221
0 0.3928767123287671 0.7172211350293543 0.42904109589041095 0.7172211350293543 0.42904109589041095 0.8850293542074363 0.3928767123287671 0.8850293542074363
0 0.27315068493150685 0.5518590998043053 0.28465753424657536 0.5518590998043053 0.28465753424657536 0.5645792563600783 0.27315068493150685 0.5645792563600783
0 0.33013698630136984 0.5122309197651663 0.336986301369863 0.5122309197651663 0.336986301369863 0.5264187866927593 0.33013698630136984 0.5264187866927593
0 0.26246575342465756 0.6756360078277887 0.3095890410958904 0.6756360078277887 0.3095890410958904 0.7289628180039139 0.26246575342465756 0.7289628180039139