0 0.0021959923140269094 0.6810387065164135 0.2459511391710129 0.6810387065164135 0.2459511391710129 0.9235668789808916 0.0021959923140269094 0.9235668789808916
0 0.12077957727147956 0.7226849583537481 0.2854790008234971 0.7226849583537481 0.2854790008234971 0.9799118079372856 0.12077957727147956 0.9799118079372856
0 0.20971726598956905 0.7138657520823126 0.32418336535822123 0.7138657520823126 0.32418336535822123 0.9990200881920628 0.20971726598956905 0.9990200881920628
0 0.6058193796321714 0.9078882900538952 0.6469942355201757 0.9078882900538952 0.6469942355201757 0.9965703086722195 0.6058193796321714 0.9965703086722195
0 0.3011254460609388 0.6286134247917687 0.356574251990118 0.6286134247917687 0.356574251990118 0.6893679568838804 0.3011254460609388 0.6893679568838804
0 0.4191600329398847 0.7021068103870652 0.44413944551194073 0.7021068103870652 0.44413944551194073 0.759921607055365 0.4191600329398847 0.759921607055365
1 0.4858632994784518 0.6663400293973543 0.5196266813066154 0.6663400293973543 0.5196266813066154 0.6785889269965704 0.4858632994784518 0.6785889269965704
0 0.23030469393357123 0.6016658500734934 0.3252813615152347 0.6016658500734934 0.3252813615152347 0.669279764821166 0.23030469393357123 0.669279764821166
1 0.1885808399670601 0.6692797648211661 0.2519901180345869 0.6692797648211661 0.2519901180345869 0.6795688388045076 0.1885808399670601 0.6795688388045076
0 0.43727696953060663 0.5668789808917197 0.48202031292890474 0.5668789808917197 0.48202031292890474 0.6908378245957864 0.43727696953060663 0.6908378245957864
1 0.2945374691188581 0.6908378245957864 0.4759813340653308 0.6908378245957864 0.4759813340653308 0.7138657520823125 0.2945374691188581 0.7138657520823125
0 0.43755146856986005 0.7261146496815287 0.4567664013175954 0.7261146496815287 0.4567664013175954 0.8152866242038217 0.43755146856986005 0.8152866242038217