2 0.38429865495470766 0.610485056344929 0.43508097721657973 0.610485056344929 0.43508097721657973 0.6962273395394415 0.38429865495470766 0.6962273395394415
2 0.38237716167993413 0.761391474767271 0.46472687345594293 0.761391474767271 0.46472687345594293 0.9941205291523763 0.38237716167993413 0.9941205291523763
2 0.2731265440570958 0.6315531602155806 0.3604172385396651 0.6315531602155806 0.3604172385396651 0.69671729544341 0.2731265440570958 0.69671729544341
0 0.37304419434531977 0.6967172954434101 0.3961021136426023 0.6967172954434101 0.3961021136426023 0.7574718275355218 0.37304419434531977 0.7574718275355218
0 0.31841888553390063 0.8118569328760411 0.3683777106780126 0.8118569328760411 0.3683777106780126 0.9505144536991671 0.31841888553390063 0.9505144536991671
0 0.19461981883063412 0.6599706026457618 0.2275597035410376 0.6599706026457618 0.2275597035410376 0.7094561489465948 0.19461981883063412 0.7094561489465948
0 0.14328849849025527 0.6438020578147966 0.2239912160307439 0.6438020578147966 0.2239912160307439 0.7153356197942186 0.14328849849025527 0.7153356197942186
0 0.29481196815811145 0.6883880450759431 0.340653307713423 0.6883880450759431 0.340653307713423 0.7447329740323371 0.29481196815811145 0.7447329740323371
0 0.16469942355201755 0.8250857422831945 0.24842163052429317 0.8250857422831945 0.24842163052429317 0.9294463498285155 0.16469942355201755 0.9294463498285155
0 0.168816909140818 0.9402253797158255 0.22069722755970353 0.9402253797158255 0.22069722755970353 0.9799118079372857 0.168816909140818 0.9799118079372857
1 0.2226187208344771 0.6785889269965703 0.2766950315673895 0.6785889269965703 0.2766950315673895 0.7070063694267515 0.2226187208344771 0.7070063694267515