0 0.2986549547076585 0.6099951004409603 0.3442217952237167 0.6099951004409603 0.3442217952237167 0.6820186183243508 0.2986549547076585 0.6820186183243508
0 0.44633543782596763 0.6021558059774621 0.5001372495196267 0.6021558059774621 0.5001372495196267 0.7138657520823126 0.44633543782596763 0.7138657520823126
0 0.15399396102113644 0.6682998530132289 0.2928904748833379 0.6682998530132289 0.2928904748833379 0.8383145516903479 0.15399396102113644 0.8383145516903479
0 0.06313477902827341 0.7001469867711906 0.22344221795223718 0.7001469867711906 0.22344221795223718 0.8618324350808427 0.06313477902827341 0.8618324350808427
1 0.3447707933022235 0.5992160705536501 0.4120230579192973 0.5992160705536501 0.4120230579192973 0.6139147476727095 0.3447707933022235 0.6139147476727095
0 0.30441943453197917 0.5805977462028418 0.3222618720834477 0.5805977462028418 0.3222618720834477 0.6090151886330231 0.30441943453197917 0.6090151886330231
0 0.1819928630249794 0.9034786869181775 0.2319516881690914 0.9034786869181775 0.2319516881690914 0.9965703086722195 0.1819928630249794 0.9965703086722195
0 0.0 0.8373346398824106 0.15179796870710952 0.8373346398824106 0.15179796870710952 0.9363057324840764 0.0 0.9363057324840764
0 0.50041174855888 0.7138657520823125 0.5780949766675817 0.7138657520823125 0.5780949766675817 0.8780009799118079 0.50041174855888 0.8780009799118079
0 0.4438649464726873 0.8564429201371876 0.47405984079055724 0.8564429201371876 0.47405984079055724 0.9985301322880941 0.4438649464726873 0.9985301322880941
0 0.13175953884161407 0.8446839784419402 0.18116936590721933 0.8446839784419402 0.18116936590721933 0.9083782459578638 0.13175953884161407 0.9083782459578638
0 0.4660993686522097 0.6962273395394415 0.5069997255009607 0.6962273395394415 0.5069997255009607 0.7790298873101421 0.4660993686522097 0.7790298873101421
0 0.2860279989020038 0.6139147476727094 0.31457589898435356 0.6139147476727094 0.31457589898435356 0.6604605585497305 0.2860279989020038 0.6604605585497305