0 0.3835616438356164 0.5254403131115459 0.4038356164383562 0.5254403131115459 0.4038356164383562 0.5484344422700587 0.3835616438356164 0.5484344422700587
0 0.022739726027397253 0.6771037181996086 0.1641095890410959 0.6771037181996086 0.1641095890410959 0.7950097847358121 0.022739726027397253 0.7950097847358121
0 0.16219178082191782 0.6291585127201567 0.2208219178082192 0.6291585127201567 0.2208219178082192 0.6800391389432485 0.16219178082191782 0.6800391389432485
0 0.15095890410958906 0.7426614481409002 0.16493150684931507 0.7426614481409002 0.16493150684931507 0.7901174168297456 0.15095890410958906 0.7901174168297456
0 0.07232876712328767 0.7886497064579256 0.15095890410958904 0.7886497064579256 0.15095890410958904 0.9036203522504893 0.07232876712328767 0.9036203522504893
0 0.22082191780821916 0.5831702544031311 0.2657534246575342 0.5831702544031311 0.2657534246575342 0.6291585127201565 0.22082191780821916 0.6291585127201565
1 0.4095890410958904 0.6252446183953033 0.4608219178082192 0.6252446183953033 0.4608219178082192 0.6374755381604698 0.4095890410958904 0.6374755381604698
0 0.0 0.9031311154598826 0.07287671232876712 0.9031311154598826 0.07287671232876712 0.9804305283757339 0.0 0.9804305283757339
0 0.3202739726027397 0.5826810176125246 0.34191780821917805 0.5826810176125246 0.34191780821917805 0.6252446183953033 0.3202739726027397 0.6252446183953033
0 0.1495890410958904 0.6717221135029354 0.20904109589041095 0.6717221135029354 0.20904109589041095 0.7411937377690803 0.1495890410958904 0.7411937377690803
0 0.2104109589041096 0.6291585127201567 0.25095890410958904 0.6291585127201567 0.25095890410958904 0.6795499021526419 0.2104109589041096 0.6795499021526419