0 0.34849315068493153 0.5552837573385518 0.3747945205479452 0.5552837573385518 0.3747945205479452 0.6506849315068493 0.34849315068493153 0.6506849315068493
1 0.39835616438356164 0.5875733855185911 0.4246575342465753 0.5875733855185911 0.4246575342465753 0.6061643835616438 0.39835616438356164 0.6061643835616438
0 0.04575342465753424 0.7054794520547945 0.1482191780821918 0.7054794520547945 0.1482191780821918 0.7959882583170255 0.04575342465753424 0.7959882583170255
0 0.3904109589041096 0.5533268101761253 0.41013698630136985 0.5533268101761253 0.41013698630136985 0.5724070450097847 0.3904109589041096 0.5724070450097847
0 0.33506849315068493 0.5425636007827789 0.35616438356164387 0.5425636007827789 0.35616438356164387 0.563600782778865 0.33506849315068493 0.563600782778865
0 0.3052054794520548 0.6506849315068494 0.349041095890411 0.6506849315068494 0.349041095890411 0.8380626223091977 0.3052054794520548 0.8380626223091977
0 0.07397260273972603 0.6952054794520548 0.12794520547945204 0.6952054794520548 0.12794520547945204 0.7363013698630136 0.07397260273972603 0.7363013698630136
0 0.19424657534246575 0.5826810176125244 0.27424657534246577 0.5826810176125244 0.27424657534246577 0.6580234833659492 0.19424657534246575 0.6580234833659492
0 0.0016438356164383584 0.7935420743639923 0.050958904109589045 0.7935420743639923 0.050958904109589045 0.8439334637964775 0.0016438356164383584 0.8439334637964775
0 0.4126027397260274 0.648238747553816 0.4350684931506849 0.648238747553816 0.4350684931506849 0.6908023483365948 0.4126027397260274 0.6908023483365948
0 0.0 0.7255381604696672 0.06657534246575343 0.7255381604696672 0.06657534246575343 0.7700587084148728 0.0 0.7700587084148728
0 0.3156164383561644 0.8091976516634051 0.3457534246575342 0.8091976516634051 0.3457534246575342 0.9951076320939335 0.3156164383561644 0.9951076320939335