0 0.40876712328767123 0.6179060665362035 0.42684931506849316 0.6179060665362035 0.42684931506849316 0.6418786692759295 0.40876712328767123 0.6418786692759295
0 0.44767123287671234 0.7113502935420744 0.47315068493150686 0.7113502935420744 0.47315068493150686 0.7857142857142858 0.44767123287671234 0.7857142857142858
0 0.42054794520547945 0.5856164383561644 0.4293150684931507 0.5856164383561644 0.4293150684931507 0.6027397260273972 0.42054794520547945 0.6027397260273972
0 0.38438356164383564 0.5229941291585126 0.40328767123287673 0.5229941291585126 0.40328767123287673 0.5587084148727984 0.38438356164383564 0.5587084148727984
0 0.3156164383561644 0.6095890410958905 0.3495890410958904 0.6095890410958905 0.3495890410958904 0.6756360078277887 0.3156164383561644 0.6756360078277887
0 0.47369863013698627 0.8512720156555773 0.5098630136986301 0.8512720156555773 0.5098630136986301 1.0 0.47369863013698627 1.0
2 0.42191780821917807 0.5318003913894325 0.4410958904109589 0.5318003913894325 0.4410958904109589 0.5680039138943249 0.42191780821917807 0.5680039138943249
0 0.2742465753424657 0.5655577299412916 0.3323287671232877 0.5655577299412916 0.3323287671232877 0.598825831702544 0.2742465753424657 0.598825831702544
0 0.407945205479452 0.6462818003913894 0.4301369863013699 0.6462818003913894 0.4301369863013699 0.7084148727984344 0.407945205479452 0.7084148727984344
0 0.426027397260274 0.6012720156555773 0.44164383561643833 0.6012720156555773 0.44164383561643833 0.639921722113503 0.426027397260274 0.639921722113503
0 0.4304109589041096 0.5689823874755382 0.44 0.5689823874755382 0.44 0.5846379647749511 0.4304109589041096 0.5846379647749511