0 0.45566840516058194 0.6869181773640372 0.4669228657699698 0.6869181773640372 0.4669228657699698 0.7520823125918668 0.45566840516058194 0.7520823125918668
0 0.39088663189678835 0.5810877021068104 0.42190502333241836 0.5810877021068104 0.42190502333241836 0.6516413522782949 0.39088663189678835 0.6516413522782949
0 0.2530881141916004 0.6153846153846154 0.2709305517430689 0.6153846153846154 0.2709305517430689 0.6599706026457619 0.2530881141916004 0.6599706026457619
0 0.003568487510293712 0.8838804507594317 0.11227010705462531 0.8838804507594317 0.11227010705462531 0.9985301322880941 0.003568487510293712 0.9985301322880941
0 0.4062585780949767 0.6766291033806958 0.4232775185286851 0.6766291033806958 0.4232775185286851 0.7001469867711906 0.4062585780949767 0.7001469867711906
0 0.4737853417513038 0.746202841744243 0.5660170189404337 0.746202841744243 0.5660170189404337 0.9975502204801567 0.4737853417513038 0.9975502204801567
1 0.3947296184463355 0.7447329740323371 0.4529234147680483 0.7447329740323371 0.4529234147680483 0.7633512983831455 0.3947296184463355 0.7633512983831455
0 0.3112819105133132 0.663890249877511 0.37304419434531977 0.663890249877511 0.37304419434531977 0.9965703086722195 0.3112819105133132 0.9965703086722195
0 0.08427120505078232 0.8025477707006369 0.13175953884161407 0.8025477707006369 0.13175953884161407 0.8613424791768741 0.08427120505078232 0.8613424791768741
0 0.23853966511117208 0.7153356197942184 0.2797145209991765 0.7153356197942184 0.2797145209991765 0.7741303282704557 0.23853966511117208 0.7741303282704557
0 0.3763381828163601 0.7648211660950515 0.412572055997804 0.7648211660950515 0.412572055997804 0.9955903968642823 0.3763381828163601 0.9955903968642823
1 0.03650837222069722 0.8270455658990691 0.3079879220422729 0.8270455658990691 0.3079879220422729 0.8951494365507103 0.03650837222069722 0.8951494365507103
0 0.026626406807576174 0.813326800587947 0.06807576173483393 0.813326800587947 0.06807576173483393 0.8789808917197452 0.026626406807576174 0.8789808917197452
2 0.34614328849849024 0.5585497305242528 0.3724951962668131 0.5585497305242528 0.3724951962668131 0.5962763351298384 0.34614328849849024 0.5962763351298384
0 0.11803458687894594 0.8657520823125919 0.193796321712874 0.8657520823125919 0.193796321712874 0.9965703086722195 0.11803458687894594 0.9965703086722195
0 0.2333241833653582 0.6692797648211661 0.28081251715618993 0.6692797648211661 0.28081251715618993 0.7079862812346889 0.2333241833653582 0.7079862812346889
0 0.3702992039527862 0.5962763351298382 0.3856711501509745 0.5962763351298382 0.3856711501509745 0.6589906908378246 0.3702992039527862 0.6589906908378246