2 0.3838356164383561 0.6296477495107633 0.4002739726027397 0.6296477495107633 0.4002739726027397 0.6565557729941291 0.3838356164383561 0.6565557729941291
0 0.2808219178082192 0.5733855185909981 0.29397260273972603 0.5733855185909981 0.29397260273972603 0.5875733855185911 0.2808219178082192 0.5875733855185911
0 0.25780821917808217 0.5895303326810176 0.27424657534246577 0.5895303326810176 0.27424657534246577 0.613013698630137 0.25780821917808217 0.613013698630137
0 0.37397260273972605 0.5406066536203523 0.39835616438356164 0.5406066536203523 0.39835616438356164 0.5812133072407045 0.37397260273972605 0.5812133072407045
2 0.0484931506849315 0.8346379647749511 0.21178082191780823 0.8346379647749511 0.21178082191780823 0.9975538160469668 0.0484931506849315 0.9975538160469668
1 0.1797260273972603 0.6492172211350293 0.3884931506849315 0.6492172211350293 0.3884931506849315 0.6717221135029354 0.1797260273972603 0.6717221135029354
0 0.31753424657534246 0.6046966731898239 0.32931506849315073 0.6046966731898239 0.32931506849315073 0.62720156555773 0.31753424657534246 0.62720156555773
0 0.1915068493150685 0.6961839530332682 0.27534246575342464 0.6961839530332682 0.27534246575342464 0.8312133072407045 0.1915068493150685 0.8312133072407045
0 0.2668493150684932 0.6164383561643835 0.2997260273972603 0.6164383561643835 0.2997260273972603 0.6599804305283757 0.2668493150684932 0.6599804305283757
0 0.34 0.6868884540117417 0.36164383561643837 0.6868884540117417 0.36164383561643837 0.7940313111545989 0.34 0.7940313111545989
0 0.2991780821917808 0.6550880626223092 0.316986301369863 0.6550880626223092 0.316986301369863 0.6868884540117417 0.2991780821917808 0.6868884540117417
0 0.2958904109589041 0.5675146771037183 0.30849315068493155 0.5675146771037183 0.30849315068493155 0.5792563600782779 0.2958904109589041 0.5792563600782779
0 0.22493150684931507 0.6648727984344422 0.23534246575342466 0.6648727984344422 0.23534246575342466 0.6942270058708415 0.22493150684931507 0.6942270058708415
0 0.3679452054794521 0.6673189823874756 0.38465753424657534 0.6673189823874756 0.38465753424657534 0.6976516634050881 0.3679452054794521 0.6976516634050881