0 0.052154817458138894 0.8280254777070064 0.09415317046390338 0.8280254777070064 0.09415317046390338 0.8770210681038706 0.052154817458138894 0.8770210681038706
0 0.5190776832281088 0.7736403723664871 0.5509195717814988 0.7736403723664871 0.5509195717814988 0.8569328760411563 0.5190776832281088 0.8569328760411563
1 0.36590721932473236 0.7231749142577167 0.5144111995608015 0.7231749142577167 0.5144111995608015 0.7790298873101421 0.36590721932473236 0.7790298873101421
0 0.0030194894317869883 0.8990690837824595 0.0381553664562174 0.8990690837824595 0.0381553664562174 0.9397354238118569 0.0030194894317869883 0.9397354238118569
1 0.3947296184463355 0.8363547280744732 0.5586055448805929 0.8363547280744732 0.5586055448805929 0.8922097011268986 0.3947296184463355 0.8922097011268986
0 0.18446335437825967 0.7158255756981872 0.20669777655778204 0.7158255756981872 0.20669777655778204 0.7447329740323371 0.18446335437825967 0.7447329740323371
1 0.2615975844084546 0.6423321901028907 0.4688443590447433 0.6423321901028907 0.4688443590447433 0.65703086722195 0.2615975844084546 0.65703086722195
0 0.3579467471863848 0.589906908378246 0.3853966511117211 0.589906908378246 0.3853966511117211 0.7236648701616855 0.3579467471863848 0.7236648701616855
0 0.41147405984079055 0.6046055854973051 0.4400219599231403 0.6046055854973051 0.4400219599231403 0.637922586967173 0.41147405984079055 0.637922586967173
0 0.2319516881690914 0.6271435570798628 0.2797145209991765 0.6271435570798628 0.2797145209991765 0.6859382655561 0.2319516881690914 0.6859382655561
0 0.14850398023606917 0.7403233708966194 0.1630524293164974 0.7403233708966194 0.1630524293164974 0.7853993140617345 0.14850398023606917 0.7853993140617345
1 0.15811144660993684 0.7084762371386576 0.35877024430414495 0.7084762371386576 0.35877024430414495 0.72562469377756 0.15811144660993684 0.72562469377756
0 0.48037331869338457 0.6741793238608526 0.5048037331869338 0.6741793238608526 0.5048037331869338 0.7466927976482117 0.48037331869338457 0.7466927976482117
0 0.09881965413121054 0.7971582557569818 0.12956354652758714 0.7971582557569818 0.12956354652758714 0.8417442430181283 0.09881965413121054 0.8417442430181283
1 0.15701345045292342 0.7883390494855463 0.3228108701619544 0.7883390494855463 0.3228108701619544 0.8461538461538461 0.15701345045292342 0.8461538461538461