0 0.11556409552566567 0.692797648211661 0.1976393082624211 0.692797648211661 0.1976393082624211 0.7726604605585498 0.11556409552566567 0.7726604605585498
0 0.41284655503705736 0.6129348358647722 0.425473510842712 0.6129348358647722 0.425473510842712 0.665360117589417 0.41284655503705736 0.665360117589417
0 0.4142190502333242 0.535031847133758 0.43151248970628603 0.535031847133758 0.43151248970628603 0.5463008329250368 0.4142190502333242 0.5463008329250368
1 0.46664836673071647 0.7961783439490446 0.5231951688169092 0.7961783439490446 0.5231951688169092 0.8250857422831945 0.46664836673071647 0.8250857422831945
1 0.38814164150425473 0.5614894659480647 0.4353554762558331 0.5614894659480647 0.4353554762558331 0.5722684958353748 0.38814164150425473 0.5722684958353748
0 0.12791655229206697 0.7364037236648702 0.23387318144386496 0.7364037236648702 0.23387318144386496 0.8892699657030867 0.12791655229206697 0.8892699657030867
1 0.38237716167993413 0.7589416952474277 0.4713148503980236 0.7589416952474277 0.4713148503980236 0.8706516413522782 0.38237716167993413 0.8706516413522782
0 0.37276969530606646 0.5683488486036257 0.38869063958276145 0.5683488486036257 0.38869063958276145 0.5879470847623713 0.37276969530606646 0.5879470847623713
1 0.0027449903925336333 0.776580107790299 0.15344496294262971 0.776580107790299 0.15344496294262971 0.8319451249387555 0.0027449903925336333 0.8319451249387555
1 0.3258303595937414 0.8564429201371877 0.46143288498490254 0.8564429201371877 0.46143288498490254 0.9975502204801567 0.3258303595937414 0.9975502204801567
0 0.30771342300301946 0.8892699657030867 0.3433982981059566 0.8892699657030867 0.3433982981059566 0.9367956883880451 0.30771342300301946 0.9367956883880451
0 0.22426571506999726 0.6354728074473297 0.3541037606368378 0.6354728074473297 0.3541037606368378 0.9975502204801567 0.22426571506999726 0.9975502204801567
0 0.2887729892945375 0.5805977462028418 0.3733186933845732 0.5805977462028418 0.3733186933845732 0.6609505144536991 0.2887729892945375 0.6609505144536991