0 0.23689267087565197 0.6148946594806467 0.2871259950590173 0.6148946594806467 0.2871259950590173 0.6594806467417932 0.23689267087565197 0.6594806467417932
0 0.45923689267087564 0.6462518373346399 0.4666483667307164 0.6462518373346399 0.4666483667307164 0.6619304262616365 0.45923689267087564 0.6619304262616365
0 0.5399396102113643 0.8236158745712886 0.6096623661817184 0.8236158745712886 0.6096623661817184 0.9343459088682019 0.5399396102113643 0.9343459088682019
2 0.3917101290145485 0.5360117589416953 0.4098270656052704 0.5360117589416953 0.4098270656052704 0.5776580107790299 0.3917101290145485 0.5776580107790299
0 0.4090035684875103 0.5850073493385595 0.4737853417513038 0.5850073493385595 0.4737853417513038 0.9323860852523274 0.4090035684875103 0.9323860852523274
0 0.37167169914905296 0.5526702596766292 0.3777106780126269 0.5526702596766292 0.3777106780126269 0.5668789808917197 0.37167169914905296 0.5668789808917197
0 0.3272028547900082 0.5374816266536012 0.36727971452099917 0.5374816266536012 0.36727971452099917 0.576188143067124 0.3272028547900082 0.576188143067124
0 0.4342574800988197 0.6349828515433612 0.45402141092506176 0.6349828515433612 0.45402141092506176 0.6555609995100441 0.4342574800988197 0.6555609995100441
0 0.38704364534724134 0.6281234688878001 0.4098270656052704 0.6281234688878001 0.4098270656052704 0.8456638902498774 0.38704364534724134 0.8456638902498774
0 0.41367005215481745 0.5384615384615384 0.425473510842712 0.5384615384615384 0.425473510842712 0.5742283194512493 0.41367005215481745 0.5742283194512493
0 0.3291243480647818 0.58843704066634 0.3491627779302772 0.58843704066634 0.3491627779302772 0.6217540421362078 0.3291243480647818 0.6217540421362078
0 0.2810870161954433 0.5894169524742773 0.3151248970628603 0.5894169524742773 0.3151248970628603 0.6207741303282704 0.2810870161954433 0.6207741303282704
0 0.4916277793027724 0.7315041646251838 0.5495470765852319 0.7315041646251838 0.5495470765852319 0.9260166585007349 0.4916277793027724 0.9260166585007349
1 0.19763930826242107 0.6751592356687899 0.35931924238265167 0.6751592356687899 0.35931924238265167 0.705046545810877 0.19763930826242107 0.705046545810877