0 0.14438649464726874 0.7824595786379226 0.19105133132034038 0.7824595786379226 0.19105133132034038 0.8520333170014699 0.14438649464726874 0.8520333170014699
0 0.0021959923140268955 0.7966682998530132 0.13779851770518803 0.7966682998530132 0.13779851770518803 0.9539441450269475 0.0021959923140268955 0.9539441450269475
2 0.3755146856986001 0.610485056344929 0.5182541861103487 0.610485056344929 0.5182541861103487 0.8652621264086232 0.3755146856986001 0.8652621264086232
0 0.3917101290145485 0.5845173934345909 0.4073565742519901 0.5845173934345909 0.4073565742519901 0.6281234688878001 0.3917101290145485 0.6281234688878001
1 0.21218775734284928 0.7589416952474277 0.3000274499039253 0.7589416952474277 0.3000274499039253 0.7800097991180794 0.21218775734284928 0.7800097991180794
0 0.5618995333516333 0.8201861832435081 0.5931924238265166 0.8201861832435081 0.5931924238265166 0.8780009799118079 0.5618995333516333 0.8780009799118079
0 0.21685424101015646 0.684468397844194 0.22563821026626404 0.684468397844194 0.22563821026626404 0.6991670749632534 0.21685424101015646 0.6991670749632534
0 0.42986549547076586 0.5742283194512493 0.4468844359044743 0.5742283194512493 0.4468844359044743 0.6046055854973053 0.42986549547076586 0.6046055854973053
1 0.17897337359319243 0.7506124448799608 0.2555586055448806 0.7506124448799608 0.2555586055448806 0.7863792258696717 0.17897337359319243 0.7863792258696717
0 0.3343398298105956 0.7246447819696228 0.36453472412846555 0.7246447819696228 0.36453472412846555 0.7824595786379226 0.3343398298105956 0.7824595786379226
1 0.24046115838594564 0.7025967662910338 0.3519077683228109 0.7025967662910338 0.3519077683228109 0.7388535031847133 0.24046115838594564 0.7388535031847133
1 0.09580016469942357 0.6756491915727585 0.37688718089486684 0.6756491915727585 0.37688718089486684 0.7270945614894659 0.09580016469942357 0.7270945614894659
0 0.4809223167718913 0.6055854973052426 0.48778479275322534 0.6055854973052426 0.48778479275322534 0.6256736893679569 0.4809223167718913 0.6256736893679569
1 0.27779302772440295 0.6565409113179814 0.3719461981883063 0.6565409113179814 0.3719461981883063 0.679078882900539 0.27779302772440295 0.679078882900539
1 0.14768048311830906 0.6780989710926016 0.22728520450178424 0.6780989710926016 0.22728520450178424 0.6864282214600687 0.14768048311830906 0.6864282214600687
0 0.5555860554488059 0.8657520823125918 0.6110348613779852 0.8657520823125918 0.6110348613779852 0.9955903968642822 0.5555860554488059 0.9955903968642822
0 0.1754048860828987 0.6962273395394415 0.240735657425199 0.6962273395394415 0.240735657425199 0.7476727094561489 0.1754048860828987 0.7476727094561489