0 0.2602739726027397 0.5768101761252447 0.2701369863013699 0.5768101761252447 0.2701369863013699 0.5924657534246576 0.2602739726027397 0.5924657534246576
1 0.04328767123287669 0.7323874755381605 0.46876712328767123 0.7323874755381605 0.46876712328767123 0.797945205479452 0.04328767123287669 0.797945205479452
1 0.22767123287671232 0.5851272015655578 0.3013698630136986 0.5851272015655578 0.3013698630136986 0.6164383561643836 0.22767123287671232 0.6164383561643836
0 0.18876712328767123 0.5626223091976517 0.2580821917808219 0.5626223091976517 0.2580821917808219 0.6296477495107633 0.18876712328767123 0.6296477495107633
0 0.34520547945205476 0.5308219178082192 0.3632876712328767 0.5308219178082192 0.3632876712328767 0.5689823874755382 0.34520547945205476 0.5689823874755382
0 0.3284931506849315 0.5313111545988258 0.3353424657534247 0.5313111545988258 0.3353424657534247 0.562133072407045 0.3284931506849315 0.562133072407045
1 0.3147945205479452 0.573385518590998 0.34794520547945207 0.573385518590998 0.34794520547945207 0.6012720156555773 0.3147945205479452 0.6012720156555773
0 0.3043835616438356 0.5440313111545988 0.3093150684931507 0.5440313111545988 0.3093150684931507 0.5572407045009785 0.3043835616438356 0.5572407045009785
0 0.3673972602739726 0.5631115459882584 0.37589041095890413 0.5631115459882584 0.37589041095890413 0.5743639921722113 0.3673972602739726 0.5743639921722113
0 0.008219178082191775 0.6824853228962817 0.1304109589041096 0.6824853228962817 0.1304109589041096 0.7818003913894325 0.008219178082191775 0.7818003913894325
0 0.12904109589041096 0.6237769080234834 0.20986301369863014 0.6237769080234834 0.20986301369863014 0.6815068493150684 0.12904109589041096 0.6815068493150684
0 0.34986301369863015 0.5792563600782779 0.36739726027397257 0.5792563600782779 0.36739726027397257 0.6536203522504893 0.34986301369863015 0.6536203522504893