0 0.3583561643835616 0.925146771037182 0.3917808219178082 0.925146771037182 0.3917808219178082 0.9955968688845401 0.3583561643835616 0.9955968688845401
0 0.3452054794520548 0.565068493150685 0.3556164383561644 0.565068493150685 0.3556164383561644 0.5812133072407045 0.3452054794520548 0.5812133072407045
0 0.3405479452054795 0.7759295499021527 0.37726027397260276 0.7759295499021527 0.37726027397260276 0.8639921722113503 0.3405479452054795 0.8639921722113503
0 0.2380821917808219 0.8253424657534247 0.31095890410958904 0.8253424657534247 0.31095890410958904 0.9931506849315068 0.2380821917808219 0.9931506849315068
0 0.3778082191780822 0.5582191780821918 0.38246575342465755 0.5582191780821918 0.38246575342465755 0.5680039138943248 0.3778082191780822 0.5680039138943248
0 0.35424657534246573 0.6316046966731899 0.39972602739726026 0.6316046966731899 0.39972602739726026 0.7255381604696673 0.35424657534246573 0.7255381604696673
0 0.38438356164383564 0.7421722113502935 0.40876712328767123 0.7421722113502935 0.40876712328767123 0.7866927592954991 0.38438356164383564 0.7866927592954991
0 0.4232876712328767 0.9510763209393347 0.4421917808219178 0.9510763209393347 0.4421917808219178 1.0 0.4232876712328767 1.0
0 0.40876712328767123 0.9094911937377691 0.42986301369863017 0.9094911937377691 0.42986301369863017 0.958904109589041 0.40876712328767123 0.958904109589041
0 0.406027397260274 0.7196673189823874 0.4186301369863014 0.7196673189823874 0.4186301369863014 0.7793542074363993 0.406027397260274 0.7793542074363993
0 0.4745205479452055 0.9510763209393347 0.5024657534246575 0.9510763209393347 0.5024657534246575 0.9990215264187867 0.4745205479452055 0.9990215264187867
0 0.39315068493150684 0.7974559686888454 0.4147945205479452 0.7974559686888454 0.4147945205479452 0.8454011741682974 0.39315068493150684 0.8454011741682974
0 0.39315068493150684 0.5616438356164384 0.4073972602739726 0.5616438356164384 0.4073972602739726 0.6316046966731899 0.39315068493150684 0.6316046966731899
0 0.4284931506849315 0.8243639921722113 0.4619178082191781 0.8243639921722113 0.4619178082191781 0.9975538160469667 0.4284931506849315 0.9975538160469667
0 0.29534246575342465 0.687866927592955 0.32082191780821917 0.687866927592955 0.32082191780821917 0.7573385518590998 0.29534246575342465 0.7573385518590998
2 0.28136986301369865 0.6389432485322897 0.32465753424657534 0.6389432485322897 0.32465753424657534 0.678082191780822 0.28136986301369865 0.678082191780822