0 0.2857534998627505 0.5928466438020579 0.29838045566840515 0.5928466438020579 0.29838045566840515 0.6153846153846154 0.2857534998627505 0.6153846153846154
1 0.40570958001646995 0.6736893679568839 0.46335437825967607 0.6736893679568839 0.46335437825967607 0.6815286624203821 0.40570958001646995 0.6815286624203821
0 0.1600329398847104 0.602155805977462 0.24210815262146584 0.602155805977462 0.24210815262146584 0.6810387065164135 0.1600329398847104 0.6810387065164135
0 0.2695580565468021 0.7212150906418422 0.3475157836947571 0.7212150906418422 0.3475157836947571 0.9955903968642823 0.2695580565468021 0.9955903968642823
0 0.34696678561625033 0.602155805977462 0.37057370299203957 0.602155805977462 0.37057370299203957 0.6340029397354238 0.34696678561625033 0.6340029397354238
0 0.0008234971177600858 0.6653601175894169 0.20532528136151523 0.6653601175894169 0.20532528136151523 0.8652621264086232 0.0008234971177600858 0.8652621264086232
0 0.35355476255833107 0.6771190592846643 0.4046115838594565 0.6771190592846643 0.4046115838594565 0.8196962273395394 0.35355476255833107 0.8196962273395394
0 0.3664562174032391 0.6349828515433611 0.3821026626406807 0.6349828515433611 0.3821026626406807 0.6736893679568838 0.3664562174032391 0.6736893679568838
0 0.31814438649464727 0.5639392454679079 0.32610485863299477 0.5639392454679079 0.32610485863299477 0.5918667319941205 0.31814438649464727 0.5918667319941205
0 0.0 0.8623223909848113 0.060664287674993135 0.8623223909848113 0.060664287674993135 0.9960803527682508 0.0 0.9960803527682508
0 0.2525391161130936 0.5443410093091622 0.28987098545155093 0.5443410093091622 0.28987098545155093 0.6085252327290543 0.2525391161130936 0.6085252327290543