0 0.4611583859456492 0.8162665360117589 0.5061762283832006 0.8162665360117589 0.5061762283832006 0.9563939245467907 0.4611583859456492 0.9563939245467907
0 0.42410101564644526 0.8030377266046056 0.434531979138073 0.8030377266046056 0.434531979138073 0.8412542871141597 0.42410101564644526 0.8412542871141597
0 0.4059840790557233 0.6869181773640373 0.5339006313477903 0.6869181773640373 0.5339006313477903 0.801077902988731 0.4059840790557233 0.801077902988731
0 0.44606093878671427 0.8887800097991181 0.45923689267087564 0.8887800097991181 0.45923689267087564 0.9211170994610485 0.44606093878671427 0.9211170994610485
0 0.4224540214109251 0.5732484076433121 0.4702168542410102 0.5732484076433121 0.4702168542410102 0.6531112199902008 0.4224540214109251 0.6531112199902008
0 0.3304968432610486 0.5756981871631554 0.3516332692835575 0.5756981871631554 0.3516332692835575 0.6246937775600195 0.3304968432610486 0.6246937775600195
0 0.3917101290145485 0.5678588926996571 0.40433708482020314 0.5678588926996571 0.40433708482020314 0.5776580107790299 0.3917101290145485 0.5776580107790299
0 0.3612407356574252 0.967172954434101 0.3700247049135328 0.967172954434101 0.3700247049135328 0.9906908378245958 0.3612407356574252 0.9906908378245958
0 0.4545704090035685 0.8525232729054385 0.46856986000548995 0.8525232729054385 0.46856986000548995 0.8784909358157765 0.4545704090035685 0.8784909358157765
2 0.12983804556684053 0.8324350808427241 0.2679110623112819 0.8324350808427241 0.2679110623112819 0.9970602645761881 0.12983804556684053 0.9970602645761881
0 0.3818281636014274 0.8544830965213132 0.3914356299752951 0.8544830965213132 0.3914356299752951 0.8775110240078393 0.3818281636014274 0.8775110240078393
1 0.23497117760087838 0.6202841744243018 0.2525391161130936 0.6202841744243018 0.2525391161130936 0.6281234688878 0.23497117760087838 0.6281234688878
1 0.04117485588800439 0.7604115629593337 0.09525116662091683 0.7604115629593337 0.09525116662091683 0.7726604605585498 0.04117485588800439 0.7726604605585498
0 0.0 0.8103870651641352 0.024704913532802634 0.8103870651641352 0.024704913532802634 0.8280254777070064 0.0 0.8280254777070064
0 0.4002195992314027 0.6536011758941694 0.4062585780949767 0.6536011758941694 0.4062585780949767 0.7221950024497795 0.4002195992314027 0.7221950024497795
1 0.17265989569036508 0.7550220480156786 0.2121877573428493 0.7550220480156786 0.2121877573428493 0.7628613424791768 0.17265989569036508 0.7628613424791768
1 0.3241833653582213 0.5487506124448799 0.3442217952237167 0.5487506124448799 0.3442217952237167 0.5536501714845664 0.3241833653582213 0.5536501714845664
1 0.3950041174855888 0.8358647721705047 0.4265715069997255 0.8358647721705047 0.4265715069997255 0.8657520823125918 0.3950041174855888 0.8657520823125918
0 0.5091957178149877 0.9323860852523274 0.5399396102113643 0.9323860852523274 0.5399396102113643 0.9975502204801567 0.5091957178149877 0.9975502204801567
1 0.2972824595113917 0.6736893679568838 0.3560252539116113 0.6736893679568838 0.3560252539116113 0.6883880450759432 0.2972824595113917 0.6883880450759432
0 0.4317869887455394 0.6193042626163645 0.4455119407082075 0.6193042626163645 0.4455119407082075 0.6374326310632044 0.4317869887455394 0.6374326310632044
1 0.3326928355750755 0.5369916707496326 0.3442217952237167 0.5369916707496326 0.3442217952237167 0.5409113179813817 0.3326928355750755 0.5409113179813817
0 0.43123799066703267 0.9304262616364528 0.44578643974746085 0.9304262616364528 0.44578643974746085 0.9985301322880941 0.43123799066703267 0.9985301322880941
0 0.15728794949217678 0.6359627633512984 0.20807027175404885 0.6359627633512984 0.20807027175404885 0.6942675159235668 0.15728794949217678 0.6942675159235668
0 0.41421905023332417 0.8794708476237139 0.42300301948943175 0.8794708476237139 0.42300301948943175 0.8961293483586477 0.41421905023332417 0.8961293483586477