0 0.3857534246575342 0.8336594911937378 0.4002739726027397 0.8336594911937378 0.4002739726027397 0.9285714285714286 0.3857534246575342 0.9285714285714286
0 0.2756164383561644 0.7852250489236791 0.3095890410958904 0.7852250489236791 0.3095890410958904 0.9202544031311154 0.2756164383561644 0.9202544031311154
0 0.27342465753424655 0.6966731898238747 0.30575342465753425 0.6966731898238747 0.30575342465753425 0.7759295499021526 0.27342465753424655 0.7759295499021526
0 0.246027397260274 0.8184931506849314 0.25726027397260276 0.8184931506849314 0.25726027397260276 0.8864970645792564 0.246027397260274 0.8864970645792564
0 0.3805479452054794 0.675146771037182 0.40164383561643835 0.675146771037182 0.40164383561643835 0.7363013698630138 0.3805479452054794 0.7363013698630138
1 0.14602739726027397 0.6903131115459882 0.29397260273972603 0.6903131115459882 0.29397260273972603 0.726027397260274 0.14602739726027397 0.726027397260274
0 0.3523287671232877 0.9603718199608611 0.4002739726027397 0.9603718199608611 0.4002739726027397 0.9975538160469668 0.3523287671232877 0.9975538160469668
0 0.06821917808219177 0.7235812133072407 0.13616438356164384 0.7235812133072407 0.13616438356164384 0.7852250489236791 0.06821917808219177 0.7852250489236791
0 0.21397260273972601 0.7113502935420745 0.26273972602739726 0.7113502935420745 0.26273972602739726 0.8087084148727984 0.21397260273972601 0.8087084148727984
0 0.35753424657534244 0.7093933463796477 0.37205479452054796 0.7093933463796477 0.37205479452054796 0.8312133072407045 0.35753424657534244 0.8312133072407045
0 0.09424657534246575 0.7495107632093934 0.1482191780821918 0.7495107632093934 0.1482191780821918 0.8228962818003913 0.09424657534246575 0.8228962818003913
0 0.00904109589041096 0.805283757338552 0.09972602739726028 0.805283757338552 0.09972602739726028 0.8864970645792564 0.00904109589041096 0.8864970645792564
2 0.38767123287671235 0.560665362035225 0.44356164383561647 0.560665362035225 0.44356164383561647 0.660958904109589 0.38767123287671235 0.660958904109589
0 0.25972602739726025 0.8933463796477495 0.36273972602739724 0.8933463796477495 0.36273972602739724 0.9975538160469667 0.25972602739726025 0.9975538160469667
1 0.27999999999999997 0.663894324853229 0.4882191780821918 0.663894324853229 0.4882191780821918 0.7054794520547945 0.27999999999999997 0.7054794520547945
2 0.4115068493150685 0.8341487279843445 0.5693150684931507 0.8341487279843445 0.5693150684931507 0.9995107632093934 0.4115068493150685 0.9995107632093934