0 0.2615975844084546 0.7496325330720235 0.31237990667032667 0.7496325330720235 0.31237990667032667 0.9955903968642823 0.2615975844084546 0.9955903968642823
0 0.5682130112544606 0.8833904948554631 0.6195443315948395 0.8833904948554631 0.6195443315948395 0.9985301322880941 0.5682130112544606 0.9985301322880941
0 0.24128465550370573 0.8716315531602156 0.2604995882514411 0.8716315531602156 0.2604995882514411 0.9975502204801568 0.24128465550370573 0.9975502204801568
0 0.15811144660993687 0.6178343949044587 0.2226187208344771 0.6178343949044587 0.2226187208344771 0.6825085742283195 0.15811144660993687 0.6825085742283195
0 0.46994235520175676 0.610485056344929 0.5048037331869338 0.610485056344929 0.5048037331869338 0.7025967662910338 0.46994235520175676 0.7025967662910338
0 0.33818281636014275 0.5634492895639392 0.38374965687620094 0.5634492895639392 0.38374965687620094 0.669279764821166 0.33818281636014275 0.669279764821166
0 0.40269009058468297 0.7902988731014209 0.4507274224540214 0.7902988731014209 0.4507274224540214 1.0 0.40269009058468297 1.0
0 0.6030743892396376 0.8505634492895638 0.6596211913258304 0.8505634492895638 0.6596211913258304 0.9318961293483586 0.6030743892396376 0.9318961293483586
0 0.40488608289870986 0.5271925526702597 0.46060938786714245 0.5271925526702597 0.46060938786714245 0.7917687408133267 0.40488608289870986 0.7917687408133267
0 0.4740598407905572 0.7119059284664381 0.5536645621740324 0.7119059284664381 0.5536645621740324 0.9132778049975502 0.4740598407905572 0.9132778049975502
0 0.0027449903925336264 0.768250857422832 0.09689816085643702 0.768250857422832 0.09689816085643702 0.8691817736403724 0.0027449903925336264 0.8691817736403724
0 0.45347241284655504 0.8074473297403234 0.5215481745813889 0.8074473297403234 0.5215481745813889 0.9990200881920627 0.45347241284655504 0.9990200881920627
0 0.11364260225089211 0.8897599216070554 0.16826791106231126 0.8897599216070554 0.16826791106231126 0.9789318961293484 0.11364260225089211 0.9789318961293484
0 0.1819928630249794 0.8461538461538461 0.2368926708756519 0.8461538461538461 0.2368926708756519 0.9941205291523764 0.1819928630249794 0.9941205291523764
0 0.2703815536645622 0.6153846153846154 0.34724128465550375 0.6153846153846154 0.34724128465550375 0.7932386085252328 0.2703815536645622 0.7932386085252328