0 0.403013698630137 0.5234833659491194 0.4065753424657534 0.5234833659491194 0.4065753424657534 0.5318003913894325 0.403013698630137 0.5318003913894325
1 0.39835616438356164 0.5362035225048923 0.41835616438356166 0.5362035225048923 0.41835616438356166 0.5435420743639922 0.39835616438356164 0.5435420743639922
0 0.2512328767123288 0.5660469667318982 0.3238356164383562 0.5660469667318982 0.3238356164383562 0.6179060665362036 0.2512328767123288 0.6179060665362036
0 0.4073972602739726 0.5768101761252445 0.4158904109589041 0.5768101761252445 0.4158904109589041 0.6051859099804305 0.4073972602739726 0.6051859099804305
0 0.4041095890410959 0.6188845401174168 0.48904109589041095 0.6188845401174168 0.48904109589041095 0.9990215264187867 0.4041095890410959 0.9990215264187867
0 0.000547945205479447 0.7495107632093934 0.08164383561643836 0.7495107632093934 0.08164383561643836 0.8145792563600782 0.000547945205479447 0.8145792563600782
0 0.40821917808219177 0.5523483365949119 0.41315068493150686 0.5523483365949119 0.41315068493150686 0.5591976516634051 0.40821917808219177 0.5591976516634051
0 0.39287671232876714 0.5156555772994129 0.4005479452054795 0.5156555772994129 0.4005479452054795 0.528375733855186 0.39287671232876714 0.528375733855186
0 0.2904109589041096 0.923679060665362 0.31095890410958904 0.923679060665362 0.31095890410958904 0.9980430528375734 0.2904109589041096 0.9980430528375734
0 0.35342465753424657 0.5469667318982387 0.36684931506849316 0.5469667318982387 0.36684931506849316 0.5650684931506849 0.35342465753424657 0.5650684931506849
0 0.08000000000000002 0.6316046966731899 0.23068493150684932 0.6316046966731899 0.23068493150684932 0.7495107632093934 0.08000000000000002 0.7495107632093934