0 0.4408454570409004 0.6202841744243017 0.4551194070820752 0.6202841744243017 0.4551194070820752 0.6413522782949534 0.4408454570409004 0.6413522782949534
0 0.20642327751852868 0.6438020578147966 0.24979412572055998 0.6438020578147966 0.24979412572055998 0.6874081332680059 0.20642327751852868 0.6874081332680059
0 0.38731814438649464 0.6036256736893679 0.4026900905846829 0.6036256736893679 0.4026900905846829 0.6418422341989221 0.38731814438649464 0.6418422341989221
0 0.17073840241559157 0.8221460068593827 0.20587427944002196 0.8221460068593827 0.20587427944002196 0.8926996570308672 0.17073840241559157 0.8926996570308672
0 0.38594564919022784 0.574718275355218 0.39527861652484214 0.574718275355218 0.39527861652484214 0.589906908378246 0.38594564919022784 0.589906908378246
2 0.3914356299752951 0.7672709456148947 0.5119407082075212 0.7672709456148947 0.5119407082075212 1.0 0.3914356299752951 1.0
0 0.4073565742519901 0.6286134247917687 0.44606093878671427 0.6286134247917687 0.44606093878671427 0.7672709456148947 0.4073565742519901 0.7672709456148947
0 0.0793302223442218 0.7025967662910338 0.13258303595937415 0.7025967662910338 0.13258303595937415 0.7697207251347379 0.0793302223442218 0.7697207251347379
0 0.39912160307438926 0.5536501714845664 0.4068075761734834 0.5536501714845664 0.4068075761734834 0.580107790298873 0.39912160307438926 0.580107790298873
1 0.08783969256107604 0.7716805487506124 0.2077957727147955 0.7716805487506124 0.2077957727147955 0.8187163155316022 0.08783969256107604 0.8187163155316022
0 0.05737029920395279 0.8049975502204801 0.16469942355201758 0.8049975502204801 0.16469942355201758 0.9951004409603136 0.05737029920395279 0.9951004409603136
0 0.16744441394455117 0.7555120039196472 0.27285204501784244 0.7555120039196472 0.27285204501784244 0.9867711905928467 0.16744441394455117 0.9867711905928467
0 0.25061762283832006 0.6472317491425772 0.2635190776832281 0.6472317491425772 0.2635190776832281 0.6825085742283195 0.25061762283832006 0.6825085742283195
1 0.15920944276695032 0.6815286624203821 0.19736480922316774 0.6815286624203821 0.19736480922316774 0.6972072513473787 0.15920944276695032 0.6972072513473787
0 0.5325281361515235 0.792748652621264 0.5668405160581937 0.792748652621264 0.5668405160581937 0.8647721705046546 0.5325281361515235 0.8647721705046546