0 0.39506849315068493 0.5944227005870841 0.4252054794520548 0.5944227005870841 0.4252054794520548 0.6849315068493151 0.39506849315068493 0.6849315068493151
0 0.43945205479452054 0.6883561643835616 0.48684931506849316 0.6883561643835616 0.48684931506849316 0.7588062622309197 0.43945205479452054 0.7588062622309197
0 0.5005479452054794 0.7725048923679061 0.5336986301369863 0.7725048923679061 0.5336986301369863 0.8850293542074363 0.5005479452054794 0.8850293542074363
0 0.4106849315068493 0.6961839530332682 0.4443835616438356 0.6961839530332682 0.4443835616438356 0.8312133072407045 0.4106849315068493 0.8312133072407045
0 0.17835616438356164 0.6193737769080234 0.3216438356164384 0.6193737769080234 0.3216438356164384 0.6952054794520548 0.17835616438356164 0.6952054794520548
0 0.4712328767123288 0.8287671232876712 0.5032876712328768 0.8287671232876712 0.5032876712328768 0.9765166340508806 0.4712328767123288 0.9765166340508806
0 0.3104109589041096 0.8850293542074363 0.364931506849315 0.8850293542074363 0.364931506849315 0.9916829745596869 0.3104109589041096 0.9916829745596869
0 0.0 0.8057729941291585 0.08712328767123288 0.8057729941291585 0.08712328767123288 0.9755381604696673 0.0 0.9755381604696673
0 0.24191780821917808 0.7935420743639922 0.2898630136986301 0.7935420743639922 0.2898630136986301 0.910958904109589 0.24191780821917808 0.910958904109589
0 0.30109589041095886 0.6692759295499022 0.38 0.6692759295499022 0.38 0.7436399217221135 0.30109589041095886 0.7436399217221135
0 0.37452054794520545 0.6966731898238747 0.4106849315068493 0.6966731898238747 0.4106849315068493 0.7446183953033267 0.37452054794520545 0.7446183953033267
0 0.4575342465753425 0.7583170254403131 0.4676712328767123 0.7583170254403131 0.4676712328767123 0.7940313111545989 0.4575342465753425 0.7940313111545989
0 0.32602739726027397 0.7421722113502935 0.37780821917808216 0.7421722113502935 0.37780821917808216 0.909491193737769 0.32602739726027397 0.909491193737769
0 0.42602739726027394 0.7984344422700587 0.4567123287671233 0.7984344422700587 0.4567123287671233 0.9907045009784736 0.42602739726027394 0.9907045009784736
1 0.15945205479452057 0.7186888454011742 0.3284931506849315 0.7186888454011742 0.3284931506849315 0.7524461839530332 0.15945205479452057 0.7524461839530332
0 0.06547945205479452 0.687866927592955 0.17780821917808218 0.687866927592955 0.17780821917808218 0.7910958904109588 0.06547945205479452 0.7910958904109588