1 0.3698630136986301 0.8111545988258317 0.3895890410958904 0.8111545988258317 0.3895890410958904 0.8297455968688845 0.3698630136986301 0.8297455968688845
0 0.4605479452054795 0.7226027397260274 0.47726027397260273 0.7226027397260274 0.47726027397260273 0.7588062622309198 0.4605479452054795 0.7588062622309198
0 0.30054794520547945 0.6785714285714286 0.3153424657534246 0.6785714285714286 0.3153424657534246 0.7015655577299413 0.30054794520547945 0.7015655577299413
0 0.1073972602739726 0.8478473581213307 0.13972602739726028 0.8478473581213307 0.13972602739726028 0.9980430528375733 0.1073972602739726 0.9980430528375733
0 0.40657534246575344 0.7876712328767124 0.4158904109589041 0.7876712328767124 0.4158904109589041 0.8194716242661448 0.40657534246575344 0.8194716242661448
2 0.2263013698630137 0.6335616438356164 0.3101369863013698 0.6335616438356164 0.3101369863013698 0.7363013698630136 0.2263013698630137 0.7363013698630136
0 0.2950684931506849 0.8184931506849314 0.33123287671232876 0.8184931506849314 0.33123287671232876 0.9275929549902152 0.2950684931506849 0.9275929549902152
0 0.07342465753424657 0.7857142857142857 0.08767123287671233 0.7857142857142857 0.08767123287671233 0.8101761252446184 0.07342465753424657 0.8101761252446184
0 0.14164383561643834 0.7773972602739726 0.1591780821917808 0.7773972602739726 0.1591780821917808 0.8732876712328766 0.14164383561643834 0.8732876712328766
1 0.4095890410958904 0.788160469667319 0.4473972602739726 0.788160469667319 0.4473972602739726 0.8072407045009784 0.4095890410958904 0.8072407045009784
0 0.20273972602739726 0.9085127201565558 0.23561643835616436 0.9085127201565558 0.23561643835616436 0.9951076320939335 0.20273972602739726 0.9951076320939335
1 0.363013698630137 0.6912915851272016 0.45643835616438355 0.6912915851272016 0.45643835616438355 0.7216242661448141 0.363013698630137 0.7216242661448141
0 0.3221917808219178 0.9182974559686888 0.33534246575342463 0.9182974559686888 0.33534246575342463 0.9975538160469667 0.3221917808219178 0.9975538160469667
0 0.26684931506849313 0.7563600782778865 0.2852054794520548 0.7563600782778865 0.2852054794520548 0.7959882583170255 0.26684931506849313 0.7959882583170255