0 0.2388141641504255 0.72562469377756 0.3335163326928356 0.72562469377756 0.3335163326928356 0.9975502204801568 0.2388141641504255 0.9975502204801568
0 0.3433982981059566 0.6462518373346399 0.3516332692835575 0.6462518373346399 0.3516332692835575 0.6707496325330721 0.3433982981059566 0.6707496325330721
1 0.33214383749656873 0.7457128858402744 0.40488608289870986 0.7457128858402744 0.40488608289870986 0.761391474767271 0.33214383749656873 0.761391474767271
0 0.41147405984079055 0.545810877021068 0.4268460060389788 0.545810877021068 0.4268460060389788 0.5698187163155316 0.41147405984079055 0.5698187163155316
0 0.3867691463079879 0.7844194022537971 0.42986549547076586 0.7844194022537971 0.42986549547076586 0.9975502204801567 0.3867691463079879 0.9975502204801567
0 0.0 0.61734443900049 0.26708756519352184 0.61734443900049 0.26708756519352184 0.8456638902498775 0.0 0.8456638902498775
0 0.4111995608015372 0.6447819696227339 0.428493000274499 0.6447819696227339 0.428493000274499 0.720235178833905 0.4111995608015372 0.720235178833905
0 0.3606917375789185 0.6065654091131798 0.3700247049135328 0.6065654091131798 0.3700247049135328 0.6320431161195492 0.3606917375789185 0.6320431161195492
0 0.37002470491353284 0.622733953944145 0.3848476530332144 0.622733953944145 0.3848476530332144 0.6540911317981382 0.37002470491353284 0.6540911317981382
0 0.3826516607191875 0.5903968642822146 0.39088663189678835 0.5903968642822146 0.39088663189678835 0.6139147476727094 0.3826516607191875 0.6139147476727094
0 0.4238265166071919 0.5840274375306223 0.44221795223716714 0.5840274375306223 0.44221795223716714 0.637922586967173 0.4238265166071919 0.637922586967173
0 0.3324183365358221 0.5629593336599706 0.35739774910787814 0.5629593336599706 0.35739774910787814 0.5854973052425282 0.3324183365358221 0.5854973052425282
0 0.35218226736206426 0.6624203821656051 0.3664562174032391 0.6624203821656051 0.3664562174032391 0.72562469377756 0.35218226736206426 0.72562469377756