0 0.11913258303595937 0.7628613424791769 0.13121054076310734 0.7628613424791769 0.13121054076310734 0.7790298873101421 0.11913258303595937 0.7790298873101421
1 0.32830085094702166 0.829985301322881 0.49903925336261323 0.829985301322881 0.49903925336261323 0.8784909358157765 0.32830085094702166 0.8784909358157765
0 0.4051605819379632 0.7143557079862812 0.4652758715344496 0.7143557079862812 0.4652758715344496 0.9955903968642823 0.4051605819379632 0.9955903968642823
0 0.16332692835575077 0.6271435570798628 0.23552017567938513 0.6271435570798628 0.23552017567938513 0.6986771190592848 0.16332692835575077 0.6986771190592848
0 0.06807576173483393 0.7143557079862812 0.1372495196266813 0.7143557079862812 0.1372495196266813 0.7809897109260167 0.06807576173483393 0.7809897109260167
0 0.28465550370573706 0.5982361587457129 0.2915179796870711 0.5982361587457129 0.2915179796870711 0.6085252327290543 0.28465550370573706 0.6085252327290543
0 0.371671699149053 0.5889269965703087 0.3856711501509745 0.5889269965703087 0.3856711501509745 0.6099951004409604 0.371671699149053 0.6099951004409604
1 0.16826791106231126 0.9127878490935816 0.22920669777655778 0.9127878490935816 0.22920669777655778 0.9387555120039196 0.16826791106231126 0.9387555120039196
0 0.1394455119407082 0.7045565899069084 0.18007136975020588 0.7045565899069084 0.18007136975020588 0.768250857422832 0.1394455119407082 0.768250857422832
0 0.293713972001098 0.5874571288584027 0.30139994510019213 0.5874571288584027 0.30139994510019213 0.5972562469377756 0.293713972001098 0.5972562469377756
0 0.36508372220697227 0.5722684958353748 0.37688718089486684 0.5722684958353748 0.37688718089486684 0.5879470847623713 0.36508372220697227 0.5879470847623713
0 0.0021959923140268955 0.7849093581577659 0.12599505901729344 0.7849093581577659 0.12599505901729344 0.890249877511024 0.0021959923140268955 0.890249877511024
0 0.38512215207246775 0.6163645271925527 0.39967060115289593 0.6163645271925527 0.39967060115289593 0.6780989710926016 0.38512215207246775 0.6780989710926016
0 0.25144111995608015 0.6109750122488976 0.38512215207246775 0.6109750122488976 0.38512215207246775 0.9921607055365017 0.25144111995608015 0.9921607055365017