0 0.39637661268185564 0.5894169524742774 0.41943453197913805 0.5894169524742774 0.41943453197913805 0.6129348358647722 0.39637661268185564 0.6129348358647722
2 0.03101839143562997 0.6874081332680059 0.17869887455393907 0.6874081332680059 0.17869887455393907 0.8236158745712886 0.03101839143562997 0.8236158745712886
0 0.17732637935767226 0.6717295443410094 0.20230579192972825 0.6717295443410094 0.20230579192972825 0.7079862812346889 0.17732637935767226 0.7079862812346889
0 0.004666483667307167 0.9152376286134247 0.10156464452374417 0.9152376286134247 0.10156464452374417 0.9906908378245958 0.004666483667307167 0.9906908378245958
1 0.2854790008234971 0.6119549240568349 0.40653307713423004 0.6119549240568349 0.40653307713423004 0.6286134247917687 0.2854790008234971 0.6286134247917687
2 0.3999451001921493 0.6869181773640373 0.4735108427120505 0.6869181773640373 0.4735108427120505 0.7726604605585498 0.3999451001921493 0.7726604605585498
0 0.40131759538841616 0.61734443900049 0.4608838869063958 0.61734443900049 0.4608838869063958 0.6751592356687898 0.40131759538841616 0.6751592356687898
0 0.06587976942080703 0.828515433610975 0.14054350809772165 0.828515433610975 0.14054350809772165 0.926016658500735 0.06587976942080703 0.926016658500735
1 0.005215481745813891 0.8378245957863792 0.0697227559703541 0.8378245957863792 0.0697227559703541 0.8603625673689368 0.005215481745813891 0.8603625673689368
1 0.17018940433708482 0.7295443410093092 0.3033214383749657 0.7295443410093092 0.3033214383749657 0.8152866242038217 0.17018940433708482 0.8152866242038217
0 0.29700796047213834 0.5889269965703087 0.3079879220422728 0.5889269965703087 0.3079879220422728 0.6006859382655562 0.29700796047213834 0.6006859382655562
0 0.20230579192972825 0.6300832925036747 0.2555586055448806 0.6300832925036747 0.2555586055448806 0.6707496325330721 0.20230579192972825 0.6707496325330721