0 0.3638356164383562 0.6154598825831702 0.3747945205479452 0.6154598825831702 0.3747945205479452 0.6594911937377691 0.3638356164383562 0.6594911937377691
0 0.2284931506849315 0.5543052837573386 0.27342465753424655 0.5543052837573386 0.27342465753424655 0.5998043052837574 0.2284931506849315 0.5998043052837574
0 0.2356164383561644 0.649706457925636 0.28136986301369865 0.649706457925636 0.28136986301369865 0.7274951076320939 0.2356164383561644 0.7274951076320939
0 0.38630136986301367 0.5724070450097847 0.39616438356164385 0.5724070450097847 0.39616438356164385 0.6174168297455969 0.38630136986301367 0.6174168297455969
0 0.17342465753424657 0.6800391389432485 0.21479452054794523 0.6800391389432485 0.21479452054794523 0.7274951076320939 0.17342465753424657 0.7274951076320939
0 0.3876712328767123 0.7025440313111546 0.40876712328767123 0.7025440313111546 0.40876712328767123 0.812133072407045 0.3876712328767123 0.812133072407045
0 0.3068493150684931 0.5406066536203522 0.3495890410958904 0.5406066536203522 0.3495890410958904 0.6648727984344422 0.3068493150684931 0.6648727984344422
0 0.08136986301369864 0.7270058708414873 0.1747945205479452 0.7270058708414873 0.1747945205479452 0.8556751467710373 0.08136986301369864 0.8556751467710373
0 0.15726027397260273 0.724559686888454 0.2673972602739726 0.724559686888454 0.2673972602739726 0.9031311154598826 0.15726027397260273 0.9031311154598826
0 0.116986301369863 0.8943248532289628 0.14986301369863012 0.8943248532289628 0.14986301369863012 0.9995107632093932 0.116986301369863 0.9995107632093932
0 0.0 0.8571428571428571 0.08136986301369863 0.8571428571428571 0.08136986301369863 0.9657534246575342 0.0 0.9657534246575342
0 0.2673972602739726 0.6668297455968689 0.3101369863013699 0.6668297455968689 0.3101369863013699 0.7299412915851272 0.2673972602739726 0.7299412915851272
0 0.0013698630136986245 0.7054794520547946 0.12493150684931506 0.7054794520547946 0.12493150684931506 0.8145792563600783 0.0013698630136986245 0.8145792563600783
0 0.34465753424657536 0.5954011741682975 0.35698630136986303 0.5954011741682975 0.35698630136986303 0.6276908023483366 0.34465753424657536 0.6276908023483366
0 0.16 0.6208414872798435 0.1956164383561644 0.6208414872798435 0.1956164383561644 0.6443248532289628 0.16 0.6443248532289628
0 0.253972602739726 0.6521526418786693 0.35178082191780824 0.6521526418786693 0.35178082191780824 0.9955968688845401 0.253972602739726 0.9955968688845401
0 0.4008219178082192 0.6330724070450098 0.466027397260274 0.6330724070450098 0.466027397260274 0.9975538160469668 0.4008219178082192 0.9975538160469668
0 0.41013698630136985 0.6673189823874756 0.4213698630136986 0.6673189823874756 0.4213698630136986 0.7118395303326811 0.41013698630136985 0.7118395303326811
0 0.3786301369863013 0.5474559686888454 0.39315068493150684 0.5474559686888454 0.39315068493150684 0.5675146771037183 0.3786301369863013 0.5675146771037183