0 0.004940982706560529 0.8456638902498775 0.06807576173483393 0.8456638902498775 0.06807576173483393 0.9137677609015188 0.004940982706560529 0.9137677609015188
1 0.34037880867416964 0.6124448799608035 0.36837771067801267 0.6124448799608035 0.36837771067801267 0.6202841744243017 0.34037880867416964 0.6202841744243017
0 0.1814438649464727 0.6276335129838314 0.2569311007411474 0.6276335129838314 0.2569311007411474 0.7055365017148457 0.1814438649464727 0.7055365017148457
0 0.37469118858084 0.554140127388535 0.39006313477902826 0.554140127388535 0.39006313477902826 0.6085252327290543 0.37469118858084 0.6085252327290543
0 0.4002195992314027 0.8113669769720726 0.4109250617622838 0.8113669769720726 0.4109250617622838 0.8539931406173444 0.4002195992314027 0.8539931406173444
1 0.37688718089486684 0.6609505144536991 0.4109250617622838 0.6609505144536991 0.4109250617622838 0.6731994120529152 0.37688718089486684 0.6731994120529152
1 0.31402690090584684 0.6330230279274865 0.3692012077957727 0.6330230279274865 0.3692012077957727 0.6457618814306713 0.31402690090584684 0.6457618814306713
1 0.0889376887180895 0.7221950024497795 0.2410101564644524 0.7221950024497795 0.2410101564644524 0.781969622733954 0.0889376887180895 0.781969622733954
1 0.3107329124348065 0.710436060754532 0.41284655503705736 0.710436060754532 0.41284655503705736 0.7417932386085252 0.3107329124348065 0.7417932386085252
0 0.36755421356025253 0.6521313081822636 0.3771616799341202 0.6521313081822636 0.3771616799341202 0.669279764821166 0.36755421356025253 0.669279764821166
0 0.34779028273401047 0.533561979421852 0.365632720285479 0.533561979421852 0.365632720285479 0.5649191572758452 0.34779028273401047 0.5649191572758452
0 0.26324457864397477 0.6090151886330231 0.2744990392533626 0.6090151886330231 0.2744990392533626 0.6359627633512983 0.26324457864397477 0.6359627633512983
1 0.24897062860279992 0.6707496325330721 0.36645621740323914 0.6707496325330721 0.36645621740323914 0.72562469377756 0.24897062860279992 0.72562469377756
0 0.36892670875651934 0.6036256736893679 0.3766126818556135 0.6036256736893679 0.3766126818556135 0.637922586967173 0.36892670875651934 0.637922586967173
0 0.096898160856437 0.6903478686918177 0.15207246774636288 0.6903478686918177 0.15207246774636288 0.7383635472807447 0.096898160856437 0.7383635472807447
1 0.41806203678287124 0.6594806467417932 0.4457864397474609 0.6594806467417932 0.4457864397474609 0.6653601175894169 0.41806203678287124 0.6653601175894169
0 0.28465550370573706 0.5458108770210681 0.3335163326928356 0.5458108770210681 0.3335163326928356 0.6124448799608035 0.28465550370573706 0.6124448799608035
1 0.3763381828163601 0.6359627633512983 0.4103760636837771 0.6359627633512983 0.4103760636837771 0.6506614404703577 0.3763381828163601 0.6506614404703577
0 0.41614054350809776 0.5756981871631552 0.42849300027449905 0.5756981871631552 0.42849300027449905 0.6315531602155806 0.41614054350809776 0.6315531602155806
0 0.0008234971177600858 0.746202841744243 0.0807027175404886 0.746202841744243 0.0807027175404886 0.8084272415482607 0.0008234971177600858 0.8084272415482607
0 0.4111995608015372 0.6472317491425771 0.4177875377436179 0.6472317491425771 0.4177875377436179 0.7128858402743753 0.4111995608015372 0.7128858402743753