1 0.2959099643151249 0.6673199412052915 0.46088388690639587 0.6673199412052915 0.46088388690639587 0.6918177364037237 0.2959099643151249 0.6918177364037237
0 0.14246500137249518 0.6668299853013229 0.17979687071095252 0.6668299853013229 0.17979687071095252 0.7060264576188142 0.14246500137249518 0.7060264576188142
0 0.3071644249245128 0.5134737873591377 0.31677189129838046 0.5134737873591377 0.31677189129838046 0.5835374816266536 0.3071644249245128 0.5835374816266536
0 0.3796321712874005 0.6354728074473297 0.40021959923140266 0.6354728074473297 0.40021959923140266 0.7168054875061245 0.3796321712874005 0.7168054875061245
2 0.31759538841614054 0.5188633023027928 0.33186933845731537 0.5188633023027928 0.33186933845731537 0.5752082312591867 0.31759538841614054 0.5752082312591867
2 0.26900905846829537 0.5845173934345909 0.3244578643974746 0.5845173934345909 0.3244578643974746 0.6927976482116609 0.26900905846829537 0.6927976482116609
0 0.17485588800439197 0.580107790298873 0.24540214109250616 0.580107790298873 0.24540214109250616 0.6624203821656051 0.17485588800439197 0.6624203821656051
0 0.46335437825967607 0.6903478686918177 0.4962942629700796 0.6903478686918177 0.4962942629700796 0.7697207251347379 0.46335437825967607 0.7697207251347379
2 0.3612407356574252 0.5624693777560019 0.39418062036782875 0.5624693777560019 0.39418062036782875 0.6374326310632044 0.3612407356574252 0.6374326310632044
0 0.26983255558605546 0.5311121999020088 0.27642053252813614 0.5311121999020088 0.27642053252813614 0.5560999510044096 0.26983255558605546 0.5560999510044096
0 0.3834751578369476 0.7143557079862812 0.4323359868240461 0.7143557079862812 0.4323359868240461 0.89171974522293 0.3834751578369476 0.89171974522293
0 0.0027449903925336194 0.7168054875061244 0.1608564370024705 0.7168054875061244 0.1608564370024705 0.9069083782459578 0.0027449903925336194 0.9069083782459578
0 0.12023057919297281 0.6658500734933855 0.15893494372769695 0.6658500734933855 0.15893494372769695 0.7094561489465948 0.12023057919297281 0.7094561489465948
2 0.34586878945923694 0.5311121999020089 0.36673071644249244 0.5311121999020089 0.36673071644249244 0.5595296423321902 0.34586878945923694 0.5595296423321902