0 0.516986301369863 0.786692759295499 0.5432876712328767 0.786692759295499 0.5432876712328767 0.863013698630137 0.516986301369863 0.863013698630137
0 0.3082191780821918 0.6252446183953033 0.3386301369863014 0.6252446183953033 0.3386301369863014 0.6824853228962817 0.3082191780821918 0.6824853228962817
0 0.5336986301369863 0.5670254403131115 0.5821917808219178 0.5670254403131115 0.5821917808219178 0.5983365949119374 0.5336986301369863 0.5983365949119374
0 0.5117808219178082 0.8654598825831703 0.5484931506849315 0.8654598825831703 0.5484931506849315 0.9848336594911937 0.5117808219178082 0.9848336594911937
0 0.7254794520547946 0.6883561643835616 0.7482191780821917 0.6883561643835616 0.7482191780821917 0.7113502935420744 0.7254794520547946 0.7113502935420744
0 0.3736986301369863 0.6100782778864972 0.3778082191780822 0.6100782778864972 0.3778082191780822 0.6208414872798435 0.3736986301369863 0.6208414872798435
0 0.5827397260273973 0.5983365949119374 0.6347945205479452 0.5983365949119374 0.6347945205479452 0.646771037181996 0.5827397260273973 0.646771037181996
0 0.46767123287671236 0.684931506849315 0.5071232876712329 0.684931506849315 0.5071232876712329 0.7607632093933464 0.46767123287671236 0.7607632093933464
0 0.687945205479452 0.6614481409001957 0.7249315068493151 0.6614481409001957 0.7249315068493151 0.6927592954990215 0.687945205479452 0.6927592954990215
1 0.8167123287671232 0.7421722113502935 0.8364383561643836 0.7421722113502935 0.8364383561643836 0.7940313111545989 0.8167123287671232 0.7940313111545989
0 0.18164383561643838 0.8395303326810175 0.2263013698630137 0.8395303326810175 0.2263013698630137 0.9065557729941291 0.18164383561643838 0.9065557729941291