0 0.256656601701894 0.6447819696227339 0.290694482569311 0.6447819696227339 0.290694482569311 0.6751592356687899 0.256656601701894 0.6751592356687899
1 0.21630524293164974 0.5727584517393435 0.25857809497666756 0.5727584517393435 0.25857809497666756 0.5850073493385596 0.21630524293164974 0.5850073493385596
0 0.25830359593741425 0.5727584517393435 0.2766950315673895 0.5727584517393435 0.2766950315673895 0.6403723664870161 0.25830359593741425 0.6403723664870161
0 0.2031292890474883 0.5414012738853503 0.21630524293164974 0.5414012738853503 0.21630524293164974 0.5928466438020578 0.2031292890474883 0.5928466438020578
1 0.2352456766401318 0.6908378245957864 0.4765303321438375 0.6908378245957864 0.4765303321438375 0.7084762371386576 0.2352456766401318 0.7084762371386576
0 0.1350535273126544 0.5835374816266536 0.20312928904748834 0.5835374816266536 0.20312928904748834 0.6575208231259186 0.1350535273126544 0.6575208231259186
0 0.31128191051331316 0.636452719255267 0.34477079330222343 0.636452719255267 0.34477079330222343 0.7001469867711906 0.31128191051331316 0.7001469867711906
0 0.3362613230853692 0.5923566878980892 0.35767224814713144 0.5923566878980892 0.35767224814713144 0.6281234688878 0.3362613230853692 0.6281234688878
0 0.2530881141916003 0.6129348358647722 0.25857809497666756 0.6129348358647722 0.25857809497666756 0.6344928956393925 0.2530881141916003 0.6344928956393925
0 0.023881416415042545 0.7398334149926507 0.20175679385122153 0.7398334149926507 0.20175679385122153 0.9941205291523763 0.023881416415042545 0.9941205291523763
0 0.331594839418062 0.8975992160705537 0.3705737029920395 0.8975992160705537 0.3705737029920395 0.9965703086722195 0.331594839418062 0.9965703086722195
0 0.27642053252813614 0.5903968642822146 0.2841065056272303 0.5903968642822146 0.2841065056272303 0.6163645271925526 0.27642053252813614 0.6163645271925526
0 0.306615426846006 0.7025967662910337 0.3933571232500686 0.7025967662910337 0.3933571232500686 0.8481136697697207 0.306615426846006 0.8481136697697207
0 0.22893219873730442 0.6423321901028907 0.25583310458413394 0.6423321901028907 0.25583310458413394 0.6883880450759432 0.22893219873730442 0.6883880450759432
0 0.193796321712874 0.6893679568838804 0.23332418336535823 0.6893679568838804 0.23332418336535823 0.7388535031847134 0.193796321712874 0.7388535031847134
0 0.00027449903925336194 0.7295443410093092 0.19132583035959375 0.7295443410093092 0.19132583035959375 0.9715825575698187 0.00027449903925336194 0.9715825575698187