0 0.43068899258852594 0.5551200391964723 0.440570958001647 0.5551200391964723 0.440570958001647 0.6129348358647722 0.43068899258852594 0.6129348358647722
0 0.4424924512764205 0.5463008329250367 0.46829536096623664 0.5463008329250367 0.46829536096623664 0.6447819696227339 0.4424924512764205 0.6447819696227339
0 0.36892670875651934 0.5908868201861833 0.3749656876200933 0.5908868201861833 0.3749656876200933 0.6075453209211171 0.36892670875651934 0.6075453209211171
0 0.0 0.7212150906418422 0.14438649464726874 0.7212150906418422 0.14438649464726874 0.843704066634003 0.0 0.843704066634003
0 0.4139445511940708 0.7168054875061244 0.4408454570409004 0.7168054875061244 0.4408454570409004 0.9250367466927977 0.4139445511940708 0.9250367466927977
0 0.2731265440570958 0.5908868201861832 0.2964589623936317 0.5908868201861832 0.2964589623936317 0.6095051445369917 0.2731265440570958 0.6095051445369917
0 0.46692286576996983 0.6423321901028907 0.6082898709854516 0.6423321901028907 0.6082898709854516 0.9965703086722195 0.46692286576996983 0.9965703086722195
0 0.4455119407082075 0.7917687408133268 0.4699423552017568 0.7917687408133268 0.4699423552017568 0.9985301322880941 0.4455119407082075 0.9985301322880941
1 0.37112270107054623 0.6217540421362078 0.4037880867416964 0.6217540421362078 0.4037880867416964 0.6291033806957373 0.37112270107054623 0.6291033806957373
0 0.21493274773538293 0.8192062714355708 0.2681855613505353 0.8192062714355708 0.2681855613505353 0.9990200881920628 0.21493274773538293 0.9990200881920628
0 0.2511666209168268 0.6202841744243017 0.3579467471863848 0.6202841744243017 0.3579467471863848 0.8319451249387555 0.2511666209168268 0.8319451249387555
0 0.5083722206972275 0.6893679568838805 0.5339006313477902 0.6893679568838805 0.5339006313477902 0.7506124448799608 0.5083722206972275 0.7506124448799608
0 0.2300301948943179 0.6491915727584517 0.299752950864672 0.6491915727584517 0.299752950864672 0.751592356687898 0.2300301948943179 0.751592356687898
0 0.3228108701619544 0.5516903478686919 0.3541037606368378 0.5516903478686919 0.3541037606368378 0.5737383635472808 0.3228108701619544 0.5737383635472808
0 0.4076310732912435 0.6237138657520823 0.4688443590447433 0.6237138657520823 0.4688443590447433 0.7765801077902988 0.4076310732912435 0.7765801077902988
0 0.3620642327751853 0.603625673689368 0.37304419434531977 0.603625673689368 0.37304419434531977 0.6300832925036747 0.3620642327751853 0.6300832925036747
0 0.09497666758166347 0.7550220480156786 0.2454021410925062 0.7550220480156786 0.2454021410925062 0.9990200881920628 0.09497666758166347 0.9990200881920628