2 0.3183561643835616 0.7279843444227005 0.4402739726027397 0.7279843444227005 0.4402739726027397 0.9980430528375734 0.3183561643835616 0.9980430528375734
0 0.05671232876712329 0.8419765166340509 0.1547945205479452 0.8419765166340509 0.1547945205479452 0.9990215264187867 0.05671232876712329 0.9990215264187867
0 0.3252054794520548 0.5538160469667319 0.33287671232876714 0.5538160469667319 0.33287671232876714 0.5684931506849316 0.3252054794520548 0.5684931506849316
1 0.12246575342465754 0.7304305283757339 0.2243835616438356 0.7304305283757339 0.2243835616438356 0.7793542074363992 0.12246575342465754 0.7793542074363992
1 0.09972602739726028 0.684931506849315 0.46657534246575344 0.684931506849315 0.46657534246575344 0.7128180039138944 0.09972602739726028 0.7128180039138944
0 0.3857534246575342 0.5909980430528377 0.40493150684931506 0.5909980430528377 0.40493150684931506 0.6086105675146771 0.3857534246575342 0.6086105675146771
1 0.3589041095890411 0.6355185909980431 0.44082191780821917 0.6355185909980431 0.44082191780821917 0.6443248532289628 0.3589041095890411 0.6443248532289628
0 0.2854794520547945 0.8370841487279843 0.31808219178082187 0.8370841487279843 0.31808219178082187 0.9510763209393347 0.2854794520547945 0.9510763209393347
0 0.4093150684931507 0.6203522504892368 0.4252054794520548 0.6203522504892368 0.4252054794520548 0.6766144814090019 0.4093150684931507 0.6766144814090019
0 0.353972602739726 0.5675146771037182 0.36246575342465753 0.5675146771037182 0.36246575342465753 0.5831702544031311 0.353972602739726 0.5831702544031311
1 0.18602739726027398 0.6169275929549902 0.3764383561643836 0.6169275929549902 0.3764383561643836 0.6340508806262231 0.18602739726027398 0.6340508806262231
0 0.27041095890410954 0.726027397260274 0.3180821917808219 0.726027397260274 0.3180821917808219 0.8380626223091976 0.27041095890410954 0.8380626223091976
1 0.3358904109589041 0.6506849315068494 0.3682191780821918 0.6506849315068494 0.3682191780821918 0.6682974559686888 0.3358904109589041 0.6682974559686888
1 0.42657534246575346 0.800880626223092 0.5112328767123288 0.800880626223092 0.5112328767123288 0.8209393346379649 0.42657534246575346 0.8209393346379649
0 0.3663013698630137 0.541095890410959 0.37397260273972605 0.541095890410959 0.37397260273972605 0.5724070450097848 0.3663013698630137 0.5724070450097848