2 0.3912328767123288 0.5273972602739726 0.4210958904109589 0.5273972602739726 0.4210958904109589 0.5963796477495108 0.3912328767123288 0.5963796477495108
0 0.25452054794520546 0.6086105675146771 0.3104109589041096 0.6086105675146771 0.3104109589041096 0.6942270058708415 0.25452054794520546 0.6942270058708415
0 0.3926027397260274 0.7783757338551859 0.4145205479452055 0.7783757338551859 0.4145205479452055 0.99706457925636 0.3926027397260274 0.99706457925636
0 0.40986301369863015 0.659491193737769 0.44465753424657534 0.659491193737769 0.44465753424657534 1.0 0.40986301369863015 1.0
0 0.35698630136986303 0.6457925636007829 0.3887671232876712 0.6457925636007829 0.3887671232876712 1.0 0.35698630136986303 1.0
0 0.12465753424657536 0.9344422700587084 0.16 0.9344422700587084 0.16 0.9975538160469667 0.12465753424657536 0.9975538160469667
0 0.316986301369863 0.5870841487279843 0.333972602739726 0.5870841487279843 0.333972602739726 0.6164383561643836 0.316986301369863 0.6164383561643836
0 0.4758904109589041 0.9134050880626223 0.49808219178082197 0.9134050880626223 0.49808219178082197 0.9657534246575343 0.4758904109589041 0.9657534246575343
0 0.40328767123287673 0.5978473581213307 0.4265753424657534 0.5978473581213307 0.4265753424657534 0.6599804305283757 0.40328767123287673 0.6599804305283757
2 0.31068493150684934 0.5474559686888455 0.3523287671232877 0.5474559686888455 0.3523287671232877 0.5817025440313112 0.31068493150684934 0.5817025440313112
0 0.38164383561643833 0.5944227005870841 0.396986301369863 0.5944227005870841 0.396986301369863 0.6472602739726028 0.38164383561643833 0.6472602739726028
0 0.2208219178082192 0.7069471624266145 0.24712328767123287 0.7069471624266145 0.24712328767123287 0.7632093933463796 0.2208219178082192 0.7632093933463796
0 0.1284931506849315 0.7617416829745597 0.20465753424657535 0.7617416829745597 0.20465753424657535 0.9236790606653621 0.1284931506849315 0.9236790606653621
0 0.27561643835616434 0.5728962818003913 0.38465753424657534 0.5728962818003913 0.38465753424657534 0.5944227005870841 0.27561643835616434 0.5944227005870841