0 0.2939884710403513 0.6080352768250857 0.3195168816909141 0.6080352768250857 0.3195168816909141 0.6932876041156296 0.2939884710403513 0.6932876041156296
0 0.3884161405435081 0.7907888290053895 0.41778753774361793 0.7907888290053895 0.41778753774361793 0.9965703086722195 0.3884161405435081 0.9965703086722195
0 0.23140269009058467 0.7138657520823125 0.2530881141916003 0.7138657520823125 0.2530881141916003 0.7540421362077413 0.23140269009058467 0.7540421362077413
0 0.3269283557507549 0.5222929936305732 0.3420258029096898 0.5222929936305732 0.3420258029096898 0.5918667319941205 0.3269283557507549 0.5918667319941205
0 0.20450178424375515 0.761391474767271 0.24842163052429317 0.761391474767271 0.24842163052429317 0.991670749632533 0.20450178424375515 0.991670749632533
0 0.2591270930551743 0.7447329740323371 0.3348888278891024 0.7447329740323371 0.3348888278891024 0.9985301322880941 0.2591270930551743 0.9985301322880941
0 0.23799066703266536 0.6668299853013229 0.2802635190776832 0.6668299853013229 0.2802635190776832 0.7138657520823126 0.23799066703266536 0.7138657520823126
0 0.13779851770518803 0.6261636452719256 0.199835300576448 0.6261636452719256 0.199835300576448 0.684468397844194 0.13779851770518803 0.684468397844194
0 0.3085369201207796 0.5693287604115629 0.3258303595937414 0.5693287604115629 0.3258303595937414 0.5997060264576188 0.3085369201207796 0.5997060264576188
0 0.27285204501784244 0.5791278784909358 0.2948119681581114 0.5791278784909358 0.2948119681581114 0.6354728074473298 0.27285204501784244 0.6354728074473298
0 0.2802635190776832 0.5526702596766291 0.3571232500686248 0.5526702596766291 0.3571232500686248 0.7868691817736404 0.2802635190776832 0.7868691817736404
0 0.3862201482294812 0.6139147476727095 0.4101015646445238 0.6139147476727095 0.4101015646445238 0.7574718275355218 0.3862201482294812 0.7574718275355218
0 0.3903376338182817 0.5752082312591867 0.41147405984079055 0.5752082312591867 0.41147405984079055 0.6491915727584517 0.3903376338182817 0.6491915727584517
0 0.052154817458138894 0.7001469867711906 0.22289321987373045 0.7001469867711906 0.22289321987373045 0.9882410583047526 0.052154817458138894 0.9882410583047526