0 0.4323359868240461 0.6261636452719256 0.44084545704090033 0.6261636452719256 0.44084545704090033 0.6624203821656051 0.4323359868240461 0.6624203821656051
0 0.3804556684051606 0.5850073493385596 0.3870436453472413 0.5850073493385596 0.3870436453472413 0.602155805977462 0.3804556684051606 0.602155805977462
0 0.36316222893219874 0.909358157765801 0.38759264342574806 0.909358157765801 0.38759264342574806 1.0 0.36316222893219874 1.0
0 0.07109525116662091 0.6614404703576678 0.3000274499039253 0.6614404703576678 0.3000274499039253 0.9990200881920627 0.07109525116662091 0.9990200881920627
0 0.4172385396651112 0.5605095541401274 0.4243755146856986 0.5605095541401274 0.4243755146856986 0.5830475257226849 0.4172385396651112 0.5830475257226849
0 0.38512215207246775 0.69671729544341 0.41257205599780405 0.69671729544341 0.41257205599780405 1.0 0.38512215207246775 1.0
0 0.433708482020313 0.8025477707006369 0.45347241284655504 0.8025477707006369 0.45347241284655504 0.9220970112689858 0.433708482020313 0.9220970112689858
0 0.3834751578369475 0.5997060264576188 0.4111995608015372 0.5997060264576188 0.4111995608015372 0.6634002939735424 0.3834751578369475 0.6634002939735424
0 0.4150425473510843 0.586967172954434 0.4323359868240461 0.586967172954434 0.4323359868240461 0.6491915727584517 0.4150425473510843 0.6491915727584517
0 0.3508097721657974 0.5943165115139638 0.3790831732088938 0.5943165115139638 0.3790831732088938 0.7662910338069574 0.3508097721657974 0.7662910338069574
0 0.42986549547076586 0.6825085742283195 0.4468844359044743 0.6825085742283195 0.4468844359044743 0.7270945614894659 0.42986549547076586 0.7270945614894659
0 0.4600603897886357 0.7236648701616855 0.47076585231951684 0.7236648701616855 0.47076585231951684 0.8211660950514454 0.4600603897886357 0.8211660950514454
0 0.3206148778479275 0.687408133268006 0.3763381828163601 0.687408133268006 0.3763381828163601 0.9049485546300833 0.3206148778479275 0.9049485546300833
0 0.1564644523744167 0.7339539441450269 0.18446335437825967 0.7339539441450269 0.18446335437825967 0.768250857422832 0.1564644523744167 0.768250857422832
0 0.16607191874828436 0.5908868201861832 0.31896788361240735 0.5908868201861832 0.31896788361240735 0.7261146496815287 0.16607191874828436 0.7261146496815287