0 0.12736755421356025 0.8388045075943165 0.2602250892121878 0.8388045075943165 0.2602250892121878 1.0 0.12736755421356025 1.0
0 0.2149327477353829 0.6295933365997061 0.3024979412572056 0.6295933365997061 0.3024979412572056 0.7094561489465948 0.2149327477353829 0.7094561489465948
0 0.39088663189678835 0.761391474767271 0.418611034861378 0.761391474767271 0.418611034861378 0.8152866242038217 0.39088663189678835 0.8152866242038217
0 0.22289321987373045 0.6859382655560999 0.3519077683228109 0.6859382655560999 0.3519077683228109 0.9985301322880942 0.22289321987373045 0.9985301322880942
0 0.4391984628053802 0.555609995100441 0.4559429041998353 0.555609995100441 0.4559429041998353 0.5742283194512494 0.4391984628053802 0.5742283194512494
0 0.017018940433708482 0.7070063694267517 0.21218775734284928 0.7070063694267517 0.21218775734284928 0.876531112199902 0.017018940433708482 0.876531112199902
0 0.3354378259676091 0.7045565899069084 0.3963766126818556 0.7045565899069084 0.3963766126818556 1.0 0.3354378259676091 1.0
0 0.4647268734559429 0.5575698187163155 0.4919022783420258 0.5575698187163155 0.4919022783420258 0.5987261146496815 0.4647268734559429 0.5987261146496815
0 0.3063409278067527 0.5516903478686919 0.399670601152896 0.5516903478686919 0.399670601152896 0.6222439980401764 0.3063409278067527 0.6222439980401764
0 0.12132857534998628 0.6776090151886329 0.21163875926434259 0.6776090151886329 0.21163875926434259 0.7555120039196472 0.12132857534998628 0.7555120039196472
0 0.353554762558331 0.6212640862322392 0.3914356299752951 0.6212640862322392 0.3914356299752951 0.7011268985791279 0.353554762558331 0.7011268985791279
0 0.48311830908591824 0.9603135717785398 0.49958825144111996 0.9603135717785398 0.49958825144111996 1.0 0.48311830908591824 1.0
0 0.4619818830634093 0.6026457618814307 0.4792753225363711 0.6026457618814307 0.4792753225363711 0.6565409113179814 0.4619818830634093 0.6565409113179814