0 0.1934246575342466 0.7749510763209393 0.256986301369863 0.7749510763209393 0.256986301369863 0.9153620352250489 0.1934246575342466 0.9153620352250489
1 0.4210958904109589 0.8429549902152642 0.5046575342465753 0.8429549902152642 0.5046575342465753 0.9001956947162426 0.4210958904109589 0.9001956947162426
0 0.14520547945205478 0.6859099804305284 0.19863013698630136 0.6859099804305284 0.19863013698630136 0.7255381604696673 0.14520547945205478 0.7255381604696673
0 0.43917808219178084 0.6678082191780822 0.4523287671232877 0.6678082191780822 0.4523287671232877 0.7079256360078278 0.43917808219178084 0.7079256360078278
1 0.16712328767123288 0.6966731898238747 0.24136986301369864 0.6966731898238747 0.24136986301369864 0.7196673189823874 0.16712328767123288 0.7196673189823874
1 0.33643835616438356 0.5846379647749511 0.3561643835616438 0.5846379647749511 0.3561643835616438 0.5929549902152642 0.33643835616438356 0.5929549902152642
0 0.37972602739726025 0.6144814090019569 0.393972602739726 0.6144814090019569 0.393972602739726 0.6423679060665363 0.37972602739726025 0.6423679060665363
1 0.41863013698630136 0.7093933463796477 0.47643835616438357 0.7093933463796477 0.47643835616438357 0.738747553816047 0.41863013698630136 0.738747553816047
1 0.29534246575342465 0.6599804305283757 0.42739726027397257 0.6599804305283757 0.42739726027397257 0.7069471624266145 0.29534246575342465 0.7069471624266145
1 0.4041095890410959 0.6037181996086106 0.4356164383561644 0.6037181996086106 0.4356164383561644 0.6223091976516634 0.4041095890410959 0.6223091976516634
0 0.5005479452054794 0.8909001956947162 0.5328767123287671 0.8909001956947162 0.5328767123287671 0.9951076320939334 0.5005479452054794 0.9951076320939334
0 0.3616438356164383 0.791095890410959 0.39123287671232876 0.791095890410959 0.39123287671232876 0.9965753424657534 0.3616438356164383 0.9965753424657534
0 0.24191780821917805 0.703522504892368 0.2964383561643835 0.703522504892368 0.2964383561643835 0.7852250489236791 0.24191780821917805 0.7852250489236791
0 0.40301369863013703 0.7465753424657534 0.4441095890410959 0.7465753424657534 0.4441095890410959 0.8478473581213307 0.40301369863013703 0.8478473581213307
1 0.3221917808219178 0.7622309197651663 0.38630136986301367 0.7622309197651663 0.38630136986301367 0.7783757338551859 0.3221917808219178 0.7783757338551859
1 0.07013698630136987 0.7314090019569472 0.23534246575342466 0.7314090019569472 0.23534246575342466 0.8043052837573386 0.07013698630136987 0.8043052837573386
1 0.1523287671232877 0.6404109589041096 0.38 0.6404109589041096 0.38 0.6717221135029354 0.1523287671232877 0.6717221135029354
1 0.18986301369863012 0.6795499021526419 0.2945205479452055 0.6795499021526419 0.2945205479452055 0.6927592954990216 0.18986301369863012 0.6927592954990216