1 0.2863024979412572 0.6609505144536991 0.3519077683228109 0.6609505144536991 0.3519077683228109 0.672219500244978 0.2863024979412572 0.672219500244978
0 0.43810046664836677 0.5600195982361588 0.45704090035684874 0.5600195982361588 0.45704090035684874 0.6589906908378246 0.43810046664836677 0.6589906908378246
0 0.3357123250068625 0.9000489955903969 0.3455942904199835 0.9000489955903969 0.3455942904199835 0.9965703086722194 0.3357123250068625 0.9965703086722194
0 0.36453472412846555 0.8270455658990691 0.3823771616799341 0.8270455658990691 0.3823771616799341 0.875061244487996 0.36453472412846555 0.875061244487996
1 0.32034037880867416 0.7697207251347379 0.3491627779302773 0.7697207251347379 0.3491627779302773 0.7966682998530131 0.32034037880867416 0.7966682998530131
0 0.259676091133681 0.6413522782949534 0.3046939335712325 0.6413522782949534 0.3046939335712325 0.6776090151886329 0.259676091133681 0.6776090151886329
1 0.2783420258029097 0.8691817736403724 0.41586604446884434 0.8691817736403724 0.41586604446884434 0.9010289073983342 0.2783420258029097 0.9010289073983342
1 0.35245676640131757 0.6839784419402254 0.3925336261323085 0.6839784419402254 0.3925336261323085 0.7094561489465948 0.35245676640131757 0.7094561489465948
2 0.3947296184463354 0.6609505144536992 0.5311556409552567 0.6609505144536992 0.5311556409552567 0.9951004409603136 0.3947296184463354 0.9951004409603136
0 0.012626955805654691 0.6496815286624203 0.22234422179522373 0.6496815286624203 0.22234422179522373 0.8049975502204801 0.012626955805654691 0.8049975502204801
0 0.3206148778479275 0.7055365017148457 0.35355476255833107 0.7055365017148457 0.35355476255833107 0.7760901518863302 0.3206148778479275 0.7760901518863302
1 0.353554762558331 0.6678098971092602 0.39390612132857533 0.6678098971092602 0.39390612132857533 0.6893679568838805 0.353554762558331 0.6893679568838805