0 0.5616438356164384 0.8454011741682974 0.6156164383561644 0.8454011741682974 0.6156164383561644 0.9755381604696673 0.5616438356164384 0.9755381604696673
0 0.5263013698630137 0.805283757338552 0.5484931506849315 0.805283757338552 0.5484931506849315 0.8478473581213307 0.5263013698630137 0.8478473581213307
0 0.383013698630137 0.5450097847358122 0.38958904109589043 0.5450097847358122 0.38958904109589043 0.5631115459882583 0.383013698630137 0.5631115459882583
0 0.5287671232876712 0.9026418786692759 0.5624657534246575 0.9026418786692759 0.5624657534246575 0.9990215264187866 0.5287671232876712 0.9990215264187866
0 0.44301369863013695 0.6516634050880626 0.4791780821917808 0.6516634050880626 0.4791780821917808 0.7279843444227007 0.44301369863013695 0.7279843444227007
1 0.07643835616438356 0.7529354207436398 0.22849315068493153 0.7529354207436398 0.22849315068493153 0.8047945205479452 0.07643835616438356 0.8047945205479452
0 0.2978082191780822 0.7818003913894325 0.3509589041095891 0.7818003913894325 0.3509589041095891 0.9985322896281801 0.2978082191780822 0.9985322896281801
0 0.5408219178082192 0.7974559686888454 0.5682191780821917 0.7974559686888454 0.5682191780821917 0.8439334637964775 0.5408219178082192 0.8439334637964775
0 0.4402739726027397 0.6051859099804305 0.4726027397260274 0.6051859099804305 0.4726027397260274 0.6756360078277887 0.4402739726027397 0.6756360078277887
0 0.4731506849315069 0.7304305283757339 0.5304109589041096 0.7304305283757339 0.5304109589041096 0.9001956947162427 0.4731506849315069 0.9001956947162427
0 0.3608219178082192 0.7446183953033269 0.3673972602739726 0.7446183953033269 0.3673972602739726 0.761252446183953 0.3608219178082192 0.761252446183953