1 0.3849315068493151 0.6105675146771037 0.42794520547945203 0.6105675146771037 0.42794520547945203 0.6340508806262231 0.3849315068493151 0.6340508806262231
0 0.393972602739726 0.7915851272015655 0.4293150684931507 0.7915851272015655 0.4293150684931507 1.0 0.393972602739726 1.0
0 0.1454794520547945 0.7681017612524462 0.22246575342465752 0.7681017612524462 0.22246575342465752 0.8874755381604696 0.1454794520547945 0.8874755381604696
0 0.36602739726027395 0.6413894324853229 0.39452054794520547 0.6413894324853229 0.39452054794520547 0.7866927592954991 0.36602739726027395 0.7866927592954991
0 0.36931506849315066 0.5547945205479452 0.38575342465753426 0.5547945205479452 0.38575342465753426 0.5909980430528377 0.36931506849315066 0.5909980430528377
0 0.5136986301369864 0.7622309197651663 0.6194520547945206 0.7622309197651663 0.6194520547945206 0.9545009784735813 0.5136986301369864 0.9545009784735813
0 0.28356164383561644 0.6061643835616439 0.3295890410958904 0.6061643835616439 0.3295890410958904 0.6800391389432485 0.28356164383561644 0.6800391389432485
0 0.15013698630136987 0.6051859099804305 0.2904109589041096 0.6051859099804305 0.2904109589041096 0.7705479452054794 0.15013698630136987 0.7705479452054794
1 0.32136986301369863 0.7451076320939335 0.37369863013698634 0.7451076320939335 0.37369863013698634 0.767123287671233 0.32136986301369863 0.767123287671233
1 0.21178082191780823 0.6521526418786693 0.24136986301369862 0.6521526418786693 0.24136986301369862 0.6565557729941293 0.21178082191780823 0.6565557729941293
0 0.29041095890410956 0.6937377690802348 0.3084931506849315 0.6937377690802348 0.3084931506849315 0.7318982387475538 0.29041095890410956 0.7318982387475538
0 0.45616438356164385 0.6604696673189824 0.4852054794520548 0.6604696673189824 0.4852054794520548 0.6976516634050881 0.45616438356164385 0.6976516634050881
0 0.36 0.611545988258317 0.3824657534246575 0.611545988258317 0.3824657534246575 0.639921722113503 0.36 0.639921722113503
0 0.4021917808219178 0.5611545988258317 0.4145205479452055 0.5611545988258317 0.4145205479452055 0.6042074363992171 0.4021917808219178 0.6042074363992171
0 0.43095890410958904 0.6952054794520548 0.4416438356164384 0.6952054794520548 0.4416438356164384 0.7729941291585127 0.43095890410958904 0.7729941291585127
0 0.0024657534246575324 0.7255381604696672 0.17232876712328765 0.7255381604696672 0.17232876712328765 0.8943248532289628 0.0024657534246575324 0.8943248532289628
1 0.15863013698630138 0.6805283757338552 0.21068493150684933 0.6805283757338552 0.21068493150684933 0.7113502935420744 0.15863013698630138 0.7113502935420744
1 0.41506849315068495 0.648238747553816 0.45452054794520547 0.648238747553816 0.45452054794520547 0.659491193737769 0.41506849315068495 0.659491193737769
0 0.38876712328767127 0.5939334637964775 0.40164383561643835 0.5939334637964775 0.40164383561643835 0.6252446183953033 0.38876712328767127 0.6252446183953033
0 0.23315068493150684 0.721624266144814 0.3402739726027397 0.721624266144814 0.3402739726027397 1.0 0.23315068493150684 1.0
1 0.3945205479452055 0.6394324853228963 0.4282191780821918 0.6394324853228963 0.4282191780821918 0.6545988258317026 0.3945205479452055 0.6545988258317026
0 0.0 0.8816046966731897 0.033424657534246574 0.8816046966731897 0.033424657534246574 0.9182974559686888 0.0 0.9182974559686888
0 0.4065753424657534 0.7348336594911937 0.41835616438356166 0.7348336594911937 0.41835616438356166 0.7573385518590998 0.4065753424657534 0.7573385518590998
0 0.4123287671232877 0.6291585127201565 0.42054794520547945 0.6291585127201565 0.42054794520547945 0.6438356164383562 0.4123287671232877 0.6438356164383562
1 0.26602739726027397 0.6301369863013698 0.37589041095890413 0.6301369863013698 0.37589041095890413 0.6443248532289628 0.26602739726027397 0.6443248532289628
0 0.4345205479452055 0.9041095890410958 0.453972602739726 0.9041095890410958 0.453972602739726 0.9951076320939335 0.4345205479452055 0.9951076320939335
0 0.41753424657534244 0.7534246575342466 0.44054794520547946 0.7534246575342466 0.44054794520547946 0.863013698630137 0.41753424657534244 0.863013698630137