0 0.42355201756793853 0.6369426751592356 0.4339829810595663 0.6369426751592356 0.4339829810595663 0.6496815286624203 0.42355201756793853 0.6496815286624203
0 0.35794674718638486 0.6810387065164135 0.3771616799341202 0.6810387065164135 0.3771616799341202 0.7163155316021558 0.35794674718638486 0.7163155316021558
0 0.4817458138896513 0.7270945614894659 0.5608015371946198 0.7270945614894659 0.5608015371946198 0.8236158745712885 0.4817458138896513 0.8236158745712885
0 0.4304144935492726 0.7917687408133268 0.48119681581114465 0.7917687408133268 0.48119681581114465 0.8471337579617834 0.4304144935492726 0.8471337579617834
0 0.0027449903925336264 0.7800097991180793 0.10430963491627779 0.7800097991180793 0.10430963491627779 0.8809407153356198 0.0027449903925336264 0.8809407153356198
0 0.45841339555311555 0.6531112199902008 0.49025528410650565 0.6531112199902008 0.49025528410650565 0.6972072513473787 0.45841339555311555 0.6972072513473787
0 0.46939335712325003 0.8706516413522783 0.4962942629700796 0.8706516413522783 0.4962942629700796 0.8838804507594317 0.46939335712325003 0.8838804507594317
0 0.28300850947021683 0.629593336599706 0.31265440570958003 0.629593336599706 0.31265440570958003 0.6511513963743263 0.28300850947021683 0.6511513963743263
1 0.2744990392533626 0.6545810877021068 0.3546527587153445 0.6545810877021068 0.3546527587153445 0.6785889269965704 0.2744990392533626 0.6785889269965704
0 0.4833928081251716 0.710436060754532 0.49958825144111996 0.710436060754532 0.49958825144111996 0.7319941205291524 0.4833928081251716 0.7319941205291524
0 0.346692286576997 0.589906908378246 0.3642602250892122 0.589906908378246 0.3642602250892122 0.6217540421362078 0.346692286576997 0.6217540421362078
0 0.41586604446884434 0.6658500734933855 0.4529234147680483 0.6658500734933855 0.4529234147680483 0.7315041646251838 0.41586604446884434 0.7315041646251838
0 0.4133955531155641 0.6065654091131798 0.4271205050782322 0.6065654091131798 0.4271205050782322 0.629593336599706 0.4133955531155641 0.629593336599706
0 0.4520999176502882 0.7496325330720236 0.4765303321438375 0.7496325330720236 0.4765303321438375 0.7917687408133268 0.4520999176502882 0.7917687408133268
1 0.10540763107329124 0.7496325330720235 0.43892396376612686 0.7496325330720235 0.43892396376612686 0.8040176384125428 0.10540763107329124 0.8040176384125428