2 0.3465753424657534 0.7363013698630136 0.4147945205479452 0.7363013698630136 0.4147945205479452 0.8767123287671232 0.3465753424657534 0.8767123287671232
1 0.012054794520547946 0.7832681017612524 0.3509589041095891 0.7832681017612524 0.3509589041095891 0.8062622309197651 0.012054794520547946 0.8062622309197651
2 0.20383561643835615 0.6658512720156555 0.28520547945205477 0.6658512720156555 0.28520547945205477 0.8043052837573386 0.20383561643835615 0.8043052837573386
0 0.2808219178082192 0.6330724070450098 0.2983561643835616 0.6330724070450098 0.2983561643835616 0.6634050880626223 0.2808219178082192 0.6634050880626223
0 0.36986301369863017 0.5782778864970646 0.38465753424657534 0.5782778864970646 0.38465753424657534 0.6193737769080234 0.36986301369863017 0.6193737769080234
0 0.39424657534246577 0.6286692759295499 0.4128767123287671 0.6286692759295499 0.4128767123287671 0.6878669275929551 0.39424657534246577 0.6878669275929551
0 0.1810958904109589 0.812133072407045 0.2493150684931507 0.812133072407045 0.2493150684931507 0.9897260273972603 0.1810958904109589 0.9897260273972603
0 0.24931506849315072 0.737279843444227 0.28027397260273973 0.737279843444227 0.28027397260273973 0.8160469667318982 0.24931506849315072 0.8160469667318982
0 0.3536986301369863 0.6731898238747555 0.3665753424657534 0.6731898238747555 0.3665753424657534 0.738747553816047 0.3536986301369863 0.738747553816047
0 0.35232876712328765 0.587573385518591 0.36876712328767125 0.587573385518591 0.36876712328767125 0.6727005870841487 0.35232876712328765 0.6727005870841487
2 0.17123287671232876 0.600293542074364 0.2520547945205479 0.600293542074364 0.2520547945205479 0.6731898238747553 0.17123287671232876 0.6731898238747553