0 0.4054794520547945 0.5660469667318982 0.41452054794520543 0.5660469667318982 0.41452054794520543 0.5885518590998043 0.4054794520547945 0.5885518590998043
0 0.4106849315068493 0.5420743639921722 0.4150684931506849 0.5420743639921722 0.4150684931506849 0.5582191780821918 0.4106849315068493 0.5582191780821918
0 0.2936986301369863 0.5562622309197651 0.3238356164383562 0.5562622309197651 0.3238356164383562 0.586105675146771 0.2936986301369863 0.586105675146771
2 0.0 0.7411937377690802 0.11972602739726028 0.7411937377690802 0.11972602739726028 0.8864970645792564 0.0 0.8864970645792564
0 0.35041095890410956 0.7411937377690803 0.3646575342465753 0.7411937377690803 0.3646575342465753 0.7563600782778865 0.35041095890410956 0.7563600782778865
1 0.4158904109589041 0.6139921722113504 0.4567123287671233 0.6139921722113504 0.4567123287671233 0.62573385518591 0.4158904109589041 0.62573385518591
0 0.38273972602739725 0.5680039138943248 0.3923287671232877 0.5680039138943248 0.3923287671232877 0.5905088062622309 0.38273972602739725 0.5905088062622309
0 0.4112328767123288 0.663894324853229 0.4536986301369863 0.663894324853229 0.4536986301369863 0.7705479452054795 0.4112328767123288 0.7705479452054795
0 0.38136986301369863 0.5357142857142858 0.38794520547945205 0.5357142857142858 0.38794520547945205 0.5464774951076321 0.38136986301369863 0.5464774951076321
0 0.49479452054794515 0.7353228962818004 0.5156164383561643 0.7353228962818004 0.5156164383561643 0.8018590998043054 0.49479452054794515 0.8018590998043054
0 0.42 0.7656555772994129 0.436986301369863 0.7656555772994129 0.436986301369863 0.847358121330724 0.42 0.847358121330724
2 0.12246575342465754 0.5768101761252447 0.29315068493150687 0.5768101761252447 0.29315068493150687 0.7431506849315068 0.12246575342465754 0.7431506849315068
0 0.46246575342465757 0.9065557729941291 0.483013698630137 0.9065557729941291 0.483013698630137 0.9965753424657535 0.46246575342465757 0.9965753424657535
0 0.1726027397260274 0.8463796477495108 0.2191780821917808 0.8463796477495108 0.2191780821917808 0.9236790606653621 0.1726027397260274 0.9236790606653621
0 0.34876712328767123 0.5440313111545989 0.3616438356164383 0.5440313111545989 0.3616438356164383 0.5636007827788649 0.34876712328767123 0.5636007827788649
0 0.40493150684931506 0.6022504892367907 0.416986301369863 0.6022504892367907 0.416986301369863 0.6443248532289628 0.40493150684931506 0.6443248532289628