0 0.37386769146307985 0.6447819696227339 0.41998353005764477 0.6447819696227339 0.41998353005764477 0.7104360607545321 0.37386769146307985 0.7104360607545321
0 0.29920395278616524 0.5575698187163155 0.3104584133955531 0.5575698187163155 0.3104584133955531 0.5884370406663401 0.29920395278616524 0.5884370406663401
0 0.2986549547076585 0.6153846153846153 0.3499862750480373 0.6153846153846153 0.3499862750480373 0.6932876041156296 0.2986549547076585 0.6932876041156296
1 0.11693659072193248 0.6295933365997061 0.2879494921767774 0.6295933365997061 0.2879494921767774 0.7128858402743753 0.11693659072193248 0.7128858402743753
0 0.3335163326928356 0.5360117589416953 0.3455942904199835 0.5360117589416953 0.3455942904199835 0.5722684958353748 0.3335163326928356 0.5722684958353748
0 0.3884161405435081 0.5840274375306223 0.3985726049958825 0.5840274375306223 0.3985726049958825 0.6099951004409603 0.3884161405435081 0.6099951004409603
0 0.3735931924238265 0.7128858402743753 0.4081800713697502 0.7128858402743753 0.4081800713697502 0.9421852033317001 0.3735931924238265 0.9421852033317001
0 0.3639857260499588 0.6271435570798628 0.37524018665934666 0.6271435570798628 0.37524018665934666 0.6521313081822636 0.3639857260499588 0.6521313081822636
0 0.31045841339555313 0.5115139637432631 0.3230853692012078 0.5115139637432631 0.3230853692012078 0.5369916707496325 0.31045841339555313 0.5369916707496325
0 0.0021959923140269025 0.7506124448799608 0.08042821850123524 0.7506124448799608 0.08042821850123524 0.8353748162665361 0.0021959923140269025 0.8353748162665361
0 0.550370573702992 0.9142577168054875 0.5682130112544606 0.9142577168054875 0.5682130112544606 0.9965703086722195 0.550370573702992 0.9965703086722195