0 0.4178082191780822 0.6472602739726028 0.43506849315068497 0.6472602739726028 0.43506849315068497 0.7128180039138943 0.4178082191780822 0.7128180039138943
1 0.001643835616438355 0.8639921722113503 0.16246575342465752 0.8639921722113503 0.16246575342465752 0.8840508806262232 0.001643835616438355 0.8840508806262232
0 0.4364383561643836 0.7186888454011742 0.4843835616438356 0.7186888454011742 0.4843835616438356 0.9085127201565557 0.4364383561643836 0.9085127201565557
0 0.4276712328767123 0.9681996086105674 0.4375342465753425 0.9681996086105674 0.4375342465753425 0.9965753424657534 0.4276712328767123 0.9965753424657534
0 0.18767123287671234 0.8356164383561644 0.22767123287671232 0.8356164383561644 0.22767123287671232 0.9085127201565557 0.18767123287671234 0.9085127201565557
0 0.39945205479452056 0.6389432485322896 0.41287671232876716 0.6389432485322896 0.41287671232876716 0.6668297455968689 0.39945205479452056 0.6668297455968689
0 0.3936986301369863 0.7372798434442269 0.41671232876712333 0.7372798434442269 0.41671232876712333 0.9848336594911937 0.3936986301369863 0.9848336594911937
0 0.09232876712328769 0.8336594911937377 0.18767123287671234 0.8336594911937377 0.18767123287671234 0.9975538160469667 0.09232876712328769 0.9975538160469667
1 0.4843835616438356 0.9329745596868885 0.552054794520548 0.9329745596868885 0.552054794520548 0.9833659491193737 0.4843835616438356 0.9833659491193737
0 0.38 0.5743639921722113 0.39561643835616433 0.5743639921722113 0.39561643835616433 0.6345401174168298 0.38 0.6345401174168298
1 0.2106849315068493 0.8781800391389433 0.3994520547945205 0.8781800391389433 0.3994520547945205 0.9050880626223091 0.2106849315068493 0.9050880626223091
0 0.29205479452054794 0.6692759295499021 0.3235616438356165 0.6692759295499021 0.3235616438356165 0.7142857142857143 0.29205479452054794 0.7142857142857143
1 0.5013698630136987 0.8713307240704501 0.5408219178082192 0.8713307240704501 0.5408219178082192 0.9168297455968689 0.5013698630136987 0.9168297455968689
0 0.2578082191780822 0.5968688845401174 0.27534246575342464 0.5968688845401174 0.27534246575342464 0.6144814090019569 0.2578082191780822 0.6144814090019569
0 0.33315068493150685 0.7725048923679061 0.35698630136986303 0.7725048923679061 0.35698630136986303 0.8747553816046967 0.33315068493150685 0.8747553816046967
1 0.4676712328767123 0.7940313111545988 0.5216438356164383 0.7940313111545988 0.5216438356164383 0.8243639921722113 0.4676712328767123 0.8243639921722113
0 0.004931506849315068 0.7852250489236791 0.03643835616438357 0.7852250489236791 0.03643835616438357 0.8219178082191781 0.004931506849315068 0.8219178082191781
0 0.08328767123287671 0.7436399217221135 0.11616438356164384 0.7436399217221135 0.11616438356164384 0.7793542074363993 0.08328767123287671 0.7793542074363993
0 0.21397260273972604 0.6144814090019569 0.24794520547945206 0.6144814090019569 0.24794520547945206 0.6506849315068494 0.21397260273972604 0.6506849315068494
0 0.26821917808219176 0.648238747553816 0.29863013698630136 0.648238747553816 0.29863013698630136 0.7035225048923679 0.26821917808219176 0.7035225048923679
0 0.30904109589041096 0.5993150684931506 0.3301369863013699 0.5993150684931506 0.3301369863013699 0.6286692759295499 0.30904109589041096 0.6286692759295499
0 0.21123287671232877 0.836105675146771 0.26493150684931505 0.836105675146771 0.26493150684931505 0.9975538160469668 0.21123287671232877 0.9975538160469668
0 0.3495890410958904 0.6555772994129159 0.36684931506849316 0.6555772994129159 0.36684931506849316 0.7407045009784736 0.3495890410958904 0.7407045009784736
0 0.43095890410958904 0.654109589041096 0.4501369863013699 0.654109589041096 0.4501369863013699 0.7025440313111546 0.43095890410958904 0.7025440313111546
1 0.0005479452054794609 0.8057729941291585 0.14931506849315068 0.8057729941291585 0.14931506849315068 0.8414872798434443 0.0005479452054794609 0.8414872798434443
1 0.41342465753424656 0.939334637964775 0.48410958904109586 0.939334637964775 0.48410958904109586 0.973091976516634 0.41342465753424656 0.973091976516634
0 0.39945205479452056 0.6707436399217221 0.41726027397260274 0.6707436399217221 0.41726027397260274 0.7113502935420744 0.39945205479452056 0.7113502935420744
0 0.2936986301369863 0.7270058708414873 0.3189041095890411 0.7270058708414873 0.3189041095890411 0.7681017612524461 0.2936986301369863 0.7681017612524461
1 0.0 0.9285714285714286 0.12054794520547946 0.9285714285714286 0.12054794520547946 0.9540117416829745 0.0 0.9540117416829745