0 0.48449080428218505 0.7961783439490445 0.5048037331869338 0.7961783439490445 0.5048037331869338 0.8270455658990691 0.48449080428218505 0.8270455658990691
1 0.15042547351084273 0.9627633512983831 0.32253637112270106 0.9627633512983831 0.32253637112270106 1.0 0.15042547351084273 1.0
0 0.43892396376612686 0.6423321901028908 0.4507274224540214 0.6423321901028908 0.4507274224540214 0.6771190592846644 0.43892396376612686 0.6771190592846644
0 0.4930002744990392 0.6634002939735424 0.5360966236618171 0.6634002939735424 0.5360966236618171 0.768250857422832 0.4930002744990392 0.768250857422832
0 0.4413944551194071 0.5502204801567859 0.4485314301399945 0.5502204801567859 0.4485314301399945 0.5595296423321902 0.4413944551194071 0.5595296423321902
0 0.05929179247872633 0.7609015188633023 0.15179796870710954 0.7609015188633023 0.15179796870710954 0.8882900538951494 0.05929179247872633 0.8882900538951494
0 0.5470765852319517 0.9279764821166095 0.5709580016469942 0.9279764821166095 0.5709580016469942 0.9990200881920627 0.5470765852319517 0.9990200881920627
0 0.465550370573703 0.5703086722195002 0.47982432061487784 0.5703086722195002 0.47982432061487784 0.5928466438020578 0.465550370573703 0.5928466438020578
0 0.4139445511940708 0.7437530622243997 0.4416689541586605 0.7437530622243997 0.4416689541586605 0.8187163155316022 0.4139445511940708 0.8187163155316022
0 0.22755970354103758 0.7001469867711906 0.29069448256931096 0.7001469867711906 0.29069448256931096 0.7648211660950514 0.22755970354103758 0.7648211660950514
0 0.35877024430414495 0.8368446839784419 0.40488608289870986 0.8368446839784419 0.40488608289870986 0.9436550710436061 0.35877024430414495 0.9436550710436061
0 0.35355476255833107 0.9485546300832925 0.37112270107054623 0.9485546300832925 0.37112270107054623 0.9975502204801567 0.35355476255833107 0.9975502204801567
0 0.11693659072193248 0.6800587947084762 0.21850123524567666 0.6800587947084762 0.21850123524567666 0.7491425771680549 0.11693659072193248 0.7491425771680549
0 0.40076859730990944 0.6893679568838805 0.42382651660719184 0.6893679568838805 0.42382651660719184 0.7447329740323371 0.40076859730990944 0.7447329740323371
0 0.4180620367828713 0.6188143067123959 0.4397474608838869 0.6188143067123959 0.4397474608838869 0.637922586967173 0.4180620367828713 0.637922586967173
0 0.5953884161405435 0.9059284664380206 0.6280538018116936 0.9059284664380206 0.6280538018116936 0.9421852033317001 0.5953884161405435 0.9421852033317001
0 0.5094702168542411 0.787359137677609 0.5385671150150975 0.787359137677609 0.5385671150150975 0.9186673199412052 0.5094702168542411 0.9186673199412052
1 0.46527587153444966 0.5585497305242527 0.4792753225363711 0.5585497305242527 0.4792753225363711 0.5698187163155316 0.46527587153444966 0.5698187163155316
1 0.0 0.8074473297403234 0.40872906944825693 0.8074473297403234 0.40872906944825693 0.9544341009309162 0.0 0.9544341009309162
1 0.5393906121328575 0.8926996570308672 0.6129563546527588 0.8926996570308672 0.6129563546527588 0.9083782459578638 0.5393906121328575 0.9083782459578638