0 0.4317869887455394 0.6668299853013229 0.45155091957178145 0.6668299853013229 0.45155091957178145 0.7001469867711907 0.4317869887455394 0.7001469867711907
0 0.5281361515234697 0.9563939245467907 0.5682130112544606 0.9563939245467907 0.5682130112544606 0.993140617344439 0.5281361515234697 0.993140617344439
0 0.23744166895415864 0.6036256736893679 0.33049684326104856 0.6036256736893679 0.33049684326104856 0.7481626653601177 0.23744166895415864 0.7481626653601177
0 0.0032939884710403537 0.8907398334149927 0.05270381553664562 0.8907398334149927 0.05270381553664562 0.9142577168054875 0.0032939884710403537 0.9142577168054875
0 0.45402141092506176 0.6869181773640373 0.46555037057370297 0.6869181773640373 0.46555037057370297 0.7021068103870652 0.45402141092506176 0.7021068103870652
0 0.4120230579192973 0.602155805977462 0.42657150699972546 0.602155805977462 0.42657150699972546 0.6423321901028908 0.4120230579192973 0.6423321901028908
2 0.03842986549547078 0.7486526212640863 0.29398847104035136 0.7486526212640863 0.29398847104035136 1.0 0.03842986549547078 1.0
0 0.19269832555586056 0.6055854973052425 0.29783145758989843 0.6055854973052425 0.29783145758989843 0.7506124448799608 0.19269832555586056 0.7506124448799608
0 0.47323634367279716 0.8363547280744733 0.5207246774636289 0.8363547280744733 0.5207246774636289 0.9985301322880941 0.47323634367279716 0.9985301322880941
0 0.0013724951962668097 0.7025967662910337 0.08042821850123524 0.7025967662910337 0.08042821850123524 0.7648211660950515 0.0013724951962668097 0.7648211660950515
2 0.3705737029920395 0.6918177364037237 0.41668954158660443 0.6918177364037237 0.41668954158660443 0.8128368446839784 0.3705737029920395 0.8128368446839784
0 0.3291243480647818 0.5198432141107301 0.34092780675267637 0.5198432141107301 0.34092780675267637 0.5997060264576188 0.3291243480647818 0.5997060264576188
0 0.0977216579741971 0.6893679568838804 0.19324732363436728 0.6893679568838804 0.19324732363436728 0.7520823125918668 0.0977216579741971 0.7520823125918668
0 0.04639033763381828 0.7153356197942186 0.11611309360417238 0.7153356197942186 0.11611309360417238 0.7658010779029888 0.04639033763381828 0.7658010779029888
0 0.371671699149053 0.5825575698187163 0.3856711501509745 0.5825575698187163 0.3856711501509745 0.610485056344929 0.371671699149053 0.610485056344929