0 0.38958904109589043 0.571917808219178 0.40356164383561643 0.571917808219178 0.40356164383561643 0.6262230919765166 0.38958904109589043 0.6262230919765166
0 0.3405479452054795 0.7749510763209393 0.38465753424657534 0.7749510763209393 0.38465753424657534 0.9545009784735812 0.3405479452054795 0.9545009784735812
0 0.44931506849315067 0.5954011741682975 0.45671232876712325 0.5954011741682975 0.45671232876712325 0.6286692759295499 0.44931506849315067 0.6286692759295499
0 0.40356164383561643 0.5425636007827789 0.42054794520547945 0.5425636007827789 0.42054794520547945 0.6027397260273973 0.40356164383561643 0.6027397260273973
0 0.1443835616438356 0.861545988258317 0.20794520547945206 0.861545988258317 0.20794520547945206 0.9681996086105675 0.1443835616438356 0.9681996086105675
0 0.38465753424657534 0.6448140900195695 0.4213698630136986 0.6448140900195695 0.4213698630136986 0.8121330724070449 0.38465753424657534 0.8121330724070449
0 0.46438356164383565 0.613013698630137 0.4791780821917808 0.613013698630137 0.4791780821917808 0.6555772994129158 0.46438356164383565 0.6555772994129158
0 0.42246575342465753 0.6815068493150686 0.43561643835616437 0.6815068493150686 0.43561643835616437 0.7000978473581213 0.42246575342465753 0.7000978473581213
0 0.3115068493150685 0.5944227005870841 0.34767123287671237 0.5944227005870841 0.34767123287671237 0.6506849315068493 0.3115068493150685 0.6506849315068493
0 0.23534246575342466 0.6942270058708415 0.2912328767123288 0.6942270058708415 0.2912328767123288 0.7866927592954991 0.23534246575342466 0.7866927592954991
1 0.2767123287671233 0.952054794520548 0.33972602739726027 0.952054794520548 0.33972602739726027 0.9980430528375734 0.2767123287671233 0.9980430528375734
0 0.3147945205479452 0.7407045009784736 0.3372602739726027 0.7407045009784736 0.3372602739726027 0.7818003913894325 0.3147945205479452 0.7818003913894325
0 0.36164383561643837 0.6046966731898238 0.3876712328767123 0.6046966731898238 0.3876712328767123 0.648238747553816 0.36164383561643837 0.648238747553816
0 0.4397260273972603 0.7984344422700587 0.4605479452054795 0.7984344422700587 0.4605479452054795 0.9706457925636007 0.4397260273972603 0.9706457925636007
0 0.3358904109589041 0.6355185909980431 0.3583561643835616 0.6355185909980431 0.3583561643835616 0.7142857142857143 0.3358904109589041 0.7142857142857143
0 0.46273972602739727 0.7793542074363992 0.48219178082191777 0.7793542074363992 0.48219178082191777 0.8160469667318982 0.46273972602739727 0.8160469667318982
0 0.547945205479452 0.7969667318982387 0.6142465753424657 0.7969667318982387 0.6142465753424657 0.9589041095890412 0.547945205479452 0.9589041095890412
0 0.32602739726027397 0.8370841487279843 0.3410958904109589 0.8370841487279843 0.3410958904109589 0.8620352250489236 0.32602739726027397 0.8620352250489236