0 0.41943453197913805 0.8735913767760902 0.4545704090035685 0.8735913767760902 0.4545704090035685 0.9980401763841255 0.41943453197913805 0.9980401763841255
0 0.48037331869338457 0.7814796668299854 0.519352182267362 0.7814796668299854 0.519352182267362 0.9985301322880941 0.48037331869338457 0.9985301322880941
0 0.4691188580839967 0.540421362077413 0.48558880043919844 0.540421362077413 0.48558880043919844 0.5531602155805977 0.4691188580839967 0.5531602155805977
0 0.003568487510293712 0.7579617834394905 0.1166620916826791 0.7579617834394905 0.1166620916826791 0.8481136697697207 0.003568487510293712 0.8481136697697207
0 0.42135602525391164 0.5394414502694758 0.4671973648092232 0.5394414502694758 0.4671973648092232 0.5673689367956884 0.42135602525391164 0.5673689367956884
0 0.2893219873730442 0.6295933365997061 0.3903376338182816 0.6295933365997061 0.3903376338182816 0.7280744732974033 0.2893219873730442 0.7280744732974033
0 0.3620642327751853 0.5546300832925037 0.4183365358221246 0.5546300832925037 0.4183365358221246 0.600685938265556 0.3620642327751853 0.600685938265556
0 0.4391984628053802 0.6477217050465458 0.46060938786714245 0.6477217050465458 0.46060938786714245 0.6947574718275356 0.4391984628053802 0.6947574718275356
0 0.3373593192423826 0.6016658500734935 0.3604172385396651 0.6016658500734935 0.3604172385396651 0.6286134247917687 0.3373593192423826 0.6286134247917687
0 0.4004940982706561 0.5884370406663401 0.4177875377436179 0.5884370406663401 0.4177875377436179 0.6178343949044586 0.4004940982706561 0.6178343949044586
2 0.42574800988196543 0.5776580107790299 0.46664836673071647 0.5776580107790299 0.46664836673071647 0.6467417932386086 0.42574800988196543 0.6467417932386086
0 0.11693659072193248 0.7246447819696228 0.1990118034586879 0.7246447819696228 0.1990118034586879 0.7986281234688878 0.11693659072193248 0.7986281234688878
0 0.0032939884710403503 0.7961783439490445 0.11721108976118583 0.7961783439490445 0.11721108976118583 0.9220970112689858 0.0032939884710403503 0.9220970112689858
0 0.27422454021410925 0.5658990690837825 0.3258303595937414 0.5658990690837825 0.3258303595937414 0.6330230279274865 0.27422454021410925 0.6330230279274865