0 0.1567123287671233 0.773972602739726 0.35479452054794525 0.773972602739726 0.35479452054794525 0.9001956947162426 0.1567123287671233 0.9001956947162426
0 0.46931506849315063 0.6922700587084148 0.483013698630137 0.6922700587084148 0.483013698630137 0.7539138943248532 0.46931506849315063 0.7539138943248532
1 0.31753424657534246 0.635518590998043 0.4397260273972603 0.635518590998043 0.4397260273972603 0.6570450097847358 0.31753424657534246 0.6570450097847358
0 0.3747945205479452 0.5841487279843444 0.4126027397260274 0.5841487279843444 0.4126027397260274 0.6306262230919765 0.3747945205479452 0.6306262230919765
0 0.43945205479452054 0.6193737769080235 0.4572602739726027 0.6193737769080235 0.4572602739726027 0.6678082191780822 0.43945205479452054 0.6678082191780822
0 0.12657534246575344 0.8683953033268101 0.2063013698630137 0.8683953033268101 0.2063013698630137 0.9995107632093934 0.12657534246575344 0.9995107632093934
0 0.2345205479452055 0.5949119373776908 0.3136986301369863 0.5949119373776908 0.3136986301369863 0.648238747553816 0.2345205479452055 0.648238747553816
0 0.41863013698630136 0.7103718199608611 0.4482191780821918 0.7103718199608611 0.4482191780821918 0.8101761252446185 0.41863013698630136 0.8101761252446185
0 0.5076712328767123 0.7509784735812133 0.5241095890410958 0.7509784735812133 0.5241095890410958 0.8796477495107633 0.5076712328767123 0.8796477495107633
0 0.4649315068493151 0.5357142857142857 0.4758904109589041 0.5357142857142857 0.4758904109589041 0.5758317025440313 0.4649315068493151 0.5758317025440313
1 0.41835616438356166 0.6908023483365949 0.5367123287671233 0.6908023483365949 0.5367123287671233 0.7069471624266145 0.41835616438356166 0.7069471624266145
0 0.48054794520547944 0.6232876712328768 0.4873972602739726 0.6232876712328768 0.4873972602739726 0.6888454011741683 0.48054794520547944 0.6888454011741683