0 0.6183561643835617 0.7372798434442269 0.8701369863013698 0.7372798434442269 0.8701369863013698 1.0 0.6183561643835617 1.0
1 0.007671232876712286 0.7421722113502935 0.5372602739726027 0.7421722113502935 0.5372602739726027 0.7876712328767124 0.007671232876712286 0.7876712328767124
0 0.46328767123287673 0.726027397260274 0.5605479452054795 0.726027397260274 0.5605479452054795 0.9980430528375734 0.46328767123287673 0.9980430528375734
0 0.09287671232876712 0.6790606653620352 0.19726027397260273 0.6790606653620352 0.19726027397260273 0.7563600782778865 0.09287671232876712 0.7563600782778865
0 0.41205479452054794 0.6374755381604696 0.4336986301369863 0.6374755381604696 0.4336986301369863 0.6834637964774951 0.41205479452054794 0.6834637964774951
0 0.19479452054794522 0.649706457925636 0.21178082191780823 0.649706457925636 0.21178082191780823 0.6731898238747553 0.19479452054794522 0.6731898238747553
0 0.0 0.8028375733855186 0.04191780821917808 0.8028375733855186 0.04191780821917808 0.8532289628180039 0.0 0.8532289628180039
0 0.6405479452054795 0.6785714285714286 0.704931506849315 0.6785714285714286 0.704931506849315 0.7270058708414873 0.6405479452054795 0.7270058708414873
0 0.04438356164383562 0.7353228962818004 0.08657534246575344 0.7353228962818004 0.08657534246575344 0.7715264187866928 0.04438356164383562 0.7715264187866928
0 0.45999999999999996 0.6785714285714286 0.4810958904109589 0.6785714285714286 0.4810958904109589 0.7196673189823874 0.45999999999999996 0.7196673189823874
0 0.01863013698630137 0.7808219178082192 0.05945205479452055 0.7808219178082192 0.05945205479452055 0.8091976516634052 0.01863013698630137 0.8091976516634052
0 0.06 0.7588062622309197 0.09232876712328766 0.7588062622309197 0.09232876712328766 0.7793542074363993 0.06 0.7793542074363993