0 0.24622563821026627 0.5688388045075944 0.29755695855064507 0.5688388045075944 0.29755695855064507 0.6144047035766781 0.24622563821026627 0.6144047035766781
0 0.1660719187482844 0.6153846153846154 0.23524567664013177 0.6153846153846154 0.23524567664013177 0.6952474277315042 0.1660719187482844 0.6952474277315042
2 0.37304419434531977 0.6222439980401764 0.4452374416689542 0.6222439980401764 0.4452374416689542 0.9970602645761881 0.37304419434531977 0.9970602645761881
0 0.302772440296459 0.6055854973052426 0.31457589898435356 0.6055854973052426 0.31457589898435356 0.6286134247917687 0.302772440296459 0.6286134247917687
0 0.24348064781773263 0.6144047035766782 0.25857809497666756 0.6144047035766782 0.25857809497666756 0.6413522782949534 0.24348064781773263 0.6413522782949534
1 0.31320340378808675 0.5859872611464969 0.32967334614328847 0.5859872611464969 0.32967334614328847 0.596766291033807 0.31320340378808675 0.596766291033807
0 0.3310458413395553 0.576188143067124 0.3541037606368378 0.576188143067124 0.3541037606368378 0.6374326310632042 0.3310458413395553 0.6374326310632042
0 0.1608564370024705 0.8397844194022538 0.224814713148504 0.8397844194022538 0.224814713148504 0.9926506614404703 0.1608564370024705 0.9926506614404703
0 0.22893219873730442 0.753062224399804 0.2783420258029097 0.753062224399804 0.2783420258029097 0.850563449289564 0.22893219873730442 0.850563449289564
0 0.2775185286851496 0.6403723664870162 0.3236343672797145 0.6403723664870162 0.3236343672797145 0.7555120039196472 0.2775185286851496 0.7555120039196472
0 0.0008234971177600858 0.6932876041156295 0.1660719187482844 0.6932876041156295 0.1660719187482844 0.8633023027927487 0.0008234971177600858 0.8633023027927487
0 0.050782322261872084 0.7324840764331211 0.21795223716716994 0.7324840764331211 0.21795223716716994 0.9965703086722195 0.050782322261872084 0.9965703086722195