0 0.29975295086467196 0.5492405683488486 0.3538292615975844 0.5492405683488486 0.3538292615975844 0.6506614404703577 0.29975295086467196 0.6506614404703577
0 0.2648915728794949 0.5977462028417443 0.2964589623936316 0.5977462028417443 0.2964589623936316 0.621264086232239 0.2648915728794949 0.621264086232239
0 0.041449354927257764 0.90249877511024 0.10211364260225089 0.90249877511024 0.10211364260225089 0.993140617344439 0.041449354927257764 0.993140617344439
0 0.35520175679385124 0.5286624203821656 0.36673071644249244 0.5286624203821656 0.36673071644249244 0.5399314061734445 0.35520175679385124 0.5399314061734445
0 0.199835300576448 0.6491915727584517 0.25446060938786713 0.6491915727584517 0.25446060938786713 0.7070063694267515 0.199835300576448 0.7070063694267515
0 0.199835300576448 0.7270945614894659 0.2552841065056272 0.7270945614894659 0.2552841065056272 0.917687408133268 0.199835300576448 0.917687408133268
0 0.1254460609387867 0.7212150906418423 0.17814987647543232 0.7212150906418423 0.17814987647543232 0.7638412542871141 0.1254460609387867 0.7638412542871141
0 0.4304144935492726 0.9505144536991671 0.45155091957178145 0.9505144536991671 0.45155091957178145 0.9985301322880941 0.4304144935492726 0.9985301322880941
0 0.44111995608015375 0.843704066634003 0.45484490804282185 0.843704066634003 0.45484490804282185 0.932876041156296 0.44111995608015375 0.932876041156296
0 0.3999451001921493 0.7765801077902988 0.4317869887455394 0.7765801077902988 0.4317869887455394 0.8799608035276826 0.3999451001921493 0.8799608035276826
0 0.12654405709580016 0.8691817736403723 0.20285479000823495 0.8691817736403723 0.20285479000823495 0.9916707496325331 0.12654405709580016 0.9916707496325331
0 0.001921493274773537 0.8481136697697207 0.04611583859456492 0.8481136697697207 0.04611583859456492 0.8951494365507104 0.001921493274773537 0.8951494365507104
2 0.38292615975844085 0.5707986281234688 0.4230030194894318 0.5707986281234688 0.4230030194894318 0.7221950024497795 0.38292615975844085 0.7221950024497795