3 0.720108695652174 0.6713768115942029 0.07282608695652174 0.02826086956521739
3 0.785054347826087 0.697463768115942 0.06032608695652174 0.02246376811594203
3 0.8078804347826087 0.5920289855072464 0.02010869565217391 0.005797101449275362
3 0.7581521739130435 0.5844202898550724 0.017391304347826087 0.006521739130434782
3 0.7733695652173913 0.5764492753623188 0.013043478260869565 0.005072463768115942
3 0.7067934782608696 0.5728260869565217 0.01684782608695652 0.006521739130434782
3 0.6005434782608695 0.5960144927536232 0.01956521739130435 0.005072463768115942
3 0.5929347826086957 0.5865942028985507 0.041304347826086954 0.006521739130434782
3 0.5263586956521739 0.5692028985507246 0.022282608695652174 0.005072463768115942
3 0.4657608695652174 0.5797101449275363 0.02826086956521739 0.005797101449275362
3 0.5470108695652174 0.5445652173913044 0.00923913043478261 0.006521739130434782