3 0.7144021739130435 0.6047101449275363 0.06684782608695652 0.04565217391304348
3 0.6611413043478261 0.55 0.03858695652173913 0.020289855072463767
3 0.5293478260869565 0.5710144927536231 0.030434782608695653 0.02463768115942029
3 0.5578804347826087 0.5101449275362319 0.0375 0.014492753623188406
3 0.5255434782608696 0.46630434782608693 0.009782608695652175 0.005072463768115942
3 0.5625 0.463768115942029 0.008695652173913044 0.004347826086956522
3 0.7144021739130435 0.6047101449275363 0.06684782608695652 0.04565217391304348
3 0.6611413043478261 0.55 0.03858695652173913 0.020289855072463767
3 0.5293478260869565 0.5710144927536231 0.030434782608695653 0.02463768115942029
3 0.5578804347826087 0.5101449275362319 0.0375 0.014492753623188406
3 0.5255434782608696 0.46630434782608693 0.009782608695652175 0.005072463768115942
3 0.5625 0.463768115942029 0.008695652173913044 0.004347826086956522