3 0.2807065217391304 0.6206521739130435 0.09619565217391304 0.031159420289855074
3 0.5461956521739131 0.5818840579710145 0.058695652173913045 0.0536231884057971
3 0.5763586956521739 0.553623188405797 0.03967391304347826 0.015942028985507246
3 0.5986413043478261 0.5851449275362319 0.022282608695652174 0.013768115942028985
3 0.6084239130434783 0.6086956521739131 0.05271739130434783 0.02318840579710145
3 0.6203804347826087 0.5692028985507246 0.029891304347826088 0.013768115942028985
3 0.6611413043478261 0.5858695652173913 0.019021739130434784 0.007971014492753623
3 0.5339673913043478 0.5097826086956522 0.023369565217391305 0.009420289855072464
3 0.5396739130434782 0.5268115942028986 0.021739130434782608 0.008695652173913044
3 0.5130434782608696 0.48695652173913045 0.02391304347826087 0.007246376811594203
3 0.41304347826086957 0.5094202898550725 0.043478260869565216 0.011594202898550725
3 0.43505434782608693 0.4880434782608696 0.01684782608695652 0.005072463768115942
3 0.46630434782608693 0.461231884057971 0.007608695652173913 0.0036231884057971015