3 0.3184782608695652 0.605072463768116 0.06739130434782609 0.02753623188405797
3 0.29782608695652174 0.5869565217391305 0.035869565217391305 0.015942028985507246
3 0.3842391304347826 0.5344202898550725 0.02826086956521739 0.013768115942028985
3 0.5116847826086957 0.5431159420289855 0.0483695652173913 0.015217391304347827
3 0.5847826086956521 0.5793478260869566 0.03369565217391304 0.015217391304347827
3 0.6355978260869565 0.5880434782608696 0.024456521739130436 0.015217391304347827
3 0.3828804347826087 0.5347826086956522 0.027717391304347826 0.011594202898550725
3 0.4032608695652174 0.5036231884057971 0.02282608695652174 0.011594202898550725
3 0.4236413043478261 0.48586956521739133 0.01684782608695652 0.0036231884057971015
3 0.4464673913043478 0.47789855072463766 0.019021739130434784 0.005072463768115942
3 0.45815217391304347 0.46702898550724636 0.010869565217391304 0.0036231884057971015