3 0.38369565217391305 0.6076086956521739 0.034782608695652174 0.021014492753623187
3 0.8214673913043479 0.5721014492753623 0.028804347826086957 0.015217391304347827
3 0.7763586956521739 0.592391304347826 0.04619565217391304 0.025362318840579712
3 0.7418478260869565 0.5963768115942029 0.06195652173913044 0.028985507246376812
3 0.6815217391304348 0.5811594202898551 0.0391304347826087 0.014492753623188406
3 0.6695652173913044 0.5666666666666667 0.035869565217391305 0.014492753623188406
3 0.6326086956521739 0.5445652173913044 0.09456521739130434 0.031159420289855074
3 0.6986413043478261 0.5503623188405797 0.04184782608695652 0.021014492753623187
3 0.7399456521739131 0.5278985507246376 0.029891304347826088 0.015217391304347827
3 0.6461956521739131 0.5047101449275362 0.02282608695652174 0.009420289855072464
3 0.43478260869565216 0.5134057971014493 0.021739130434782608 0.010869565217391304
3 0.46793478260869564 0.4811594202898551 0.011956521739130435 0.004347826086956522
3 0.46902173913043477 0.47681159420289854 0.011956521739130435 0.004347826086956522
3 0.4907608695652174 0.46268115942028987 0.007608695652173913 0.0036231884057971015