3 0.6769021739130435 0.5282608695652173 0.049456521739130434 0.02318840579710145
3 0.589945652173913 0.5068840579710145 0.06141304347826087 0.015217391304347827
3 0.5358695652173913 0.45543478260869563 0.010869565217391304 0.005072463768115942
3 0.5426630434782609 0.447463768115942 0.014673913043478261 0.005072463768115942
3 0.48831521739130435 0.43768115942028984 0.0125 0.004347826086956522
3 0.5173913043478261 0.4355072463768116 0.02282608695652174 0.005797101449275362
3 0.6769021739130435 0.5282608695652173 0.049456521739130434 0.02318840579710145
3 0.589945652173913 0.5068840579710145 0.06141304347826087 0.015217391304347827
3 0.5358695652173913 0.45543478260869563 0.010869565217391304 0.005072463768115942
3 0.5426630434782609 0.447463768115942 0.014673913043478261 0.005072463768115942
3 0.48831521739130435 0.43768115942028984 0.0125 0.004347826086956522
3 0.5173913043478261 0.4355072463768116 0.02282608695652174 0.005797101449275362