3 0.529891304347826 0.5217391304347826 0.025 0.013043478260869565
3 0.5418478260869565 0.4811594202898551 0.029347826086956522 0.007246376811594203
3 0.5116847826086957 0.46956521739130436 0.01684782608695652 0.005797101449275362
3 0.4453804347826087 0.45253623188405795 0.022282608695652174 0.005072463768115942
3 0.4891304347826087 0.4463768115942029 0.034782608695652174 0.004347826086956522
3 0.503804347826087 0.4503623188405797 0.016304347826086956 0.0036231884057971015
3 0.529891304347826 0.5217391304347826 0.025 0.013043478260869565
3 0.5418478260869565 0.4811594202898551 0.029347826086956522 0.007246376811594203
3 0.5116847826086957 0.46956521739130436 0.01684782608695652 0.005797101449275362
3 0.4453804347826087 0.45253623188405795 0.022282608695652174 0.005072463768115942
3 0.4891304347826087 0.4463768115942029 0.034782608695652174 0.004347826086956522
3 0.503804347826087 0.4503623188405797 0.016304347826086956 0.0036231884057971015