3 0.35625 0.5554347826086956 0.044021739130434785 0.015217391304347827
3 0.39918478260869567 0.5181159420289855 0.0483695652173913 0.015942028985507246
3 0.553804347826087 0.5615942028985508 0.09239130434782608 0.034782608695652174
3 0.6317934782608695 0.5673913043478261 0.04619565217391304 0.01884057971014493
3 0.6926630434782609 0.5833333333333334 0.057065217391304345 0.030434782608695653
3 0.5959239130434782 0.5231884057971015 0.04184782608695652 0.01884057971014493
3 0.5546195652173913 0.5119565217391304 0.028804347826086957 0.012318840579710146
3 0.5652173913043478 0.4971014492753623 0.013043478260869565 0.005797101449275362
3 0.4451086956521739 0.4789855072463768 0.016304347826086956 0.004347826086956522
3 0.45516304347826086 0.46847826086956523 0.01141304347826087 0.005072463768115942
3 0.4657608695652174 0.45905797101449275 0.004347826086956522 0.002173913043478261
3 0.4741847826086957 0.4532608695652174 0.005978260869565218 0.002173913043478261