3 0.8035326086956521 0.5467391304347826 0.03206521739130435 0.012318840579710146
3 0.6358695652173914 0.5159420289855072 0.034782608695652174 0.010144927536231883
3 0.6633152173913044 0.5090579710144928 0.019021739130434784 0.006521739130434782
3 0.6891304347826087 0.5054347826086957 0.029347826086956522 0.005072463768115942
3 0.5921195652173913 0.497463768115942 0.00923913043478261 0.0036231884057971015
3 0.55625 0.47934782608695653 0.025543478260869567 0.005072463768115942
3 0.7964673913043478 0.5467391304347826 0.042934782608695654 0.015217391304347827
3 0.6377717391304348 0.5163043478260869 0.03315217391304348 0.012318840579710146
3 0.6654891304347826 0.5097826086956522 0.024456521739130436 0.007971014492753623
3 0.6883152173913043 0.5047101449275362 0.025543478260869567 0.005072463768115942
3 0.5926630434782608 0.4971014492753623 0.010326086956521738 0.004347826086956522
3 0.5554347826086956 0.47934782608695653 0.020652173913043477 0.005072463768115942