3 0.793065 0.480000 0.060403 0.053333
3 0.619687 0.353333 0.250559 0.073333
3 0.123043 0.628333 0.237136 0.290000
3 0.051454 0.891667 0.098434 0.210000
3 0.559284 0.843333 0.371365 0.266667
3 0.757271 0.690000 0.078300 0.073333
3 0.523490 0.536667 0.129754 0.080000
3 0.385906 0.623333 0.060403 0.040000
3 0.336689 0.415000 0.060403 0.043333
3 0.702461 0.446667 0.111857 0.066667
3 0.719239 0.523333 0.046980 0.033333
3 0.835570 0.611667 0.055928 0.056667
3 0.797539 0.776667 0.060403 0.060000
3 0.382550 0.318333 0.170022 0.043333