3 0.668333 0.611667 0.263333 0.196667
3 0.325000 0.851667 0.436667 0.276667
3 0.801667 0.936667 0.330000 0.120000
3 0.918333 0.745000 0.156667 0.136667
3 0.341667 0.455000 0.390000 0.163333
3 0.686667 0.383333 0.153333 0.066667
3 0.876667 0.436667 0.140000 0.100000
3 0.971667 0.513333 0.050000 0.060000
3 0.626667 0.183333 0.153333 0.053333
3 0.481667 0.278333 0.190000 0.063333
3 0.401667 0.218333 0.083333 0.036667
3 0.216667 0.228333 0.193333 0.070000
3 0.693333 0.125000 0.100000 0.036667
3 0.586667 0.106667 0.133333 0.040000
3 0.340000 0.156667 0.246667 0.066667
3 0.750000 0.068333 0.180000 0.070000
3 0.568333 0.343333 0.136667 0.053333
3 0.688333 0.281667 0.063333 0.036667
3 0.043333 0.710000 0.080000 0.106667
3 0.263333 0.040000 0.300000 0.073333