3 0.165625 0.3923611111111111 0.32734375 0.12916666666666668
3 0.365234375 0.33402777777777776 0.06875 0.0625
3 0.536328125 0.3451388888888889 0.15625 0.06527777777777778
3 0.662890625 0.4618055555555556 0.278125 0.12916666666666668
3 0.5125 0.2611111111111111 0.06640625 0.04722222222222222
3 0.428515625 0.8222222222222222 0.359375 0.28055555555555556
3 0.741015625 0.6305555555555555 0.2640625 0.1638888888888889
3 0.515234375 0.5673611111111111 0.1578125 0.06805555555555555
3 0.2203125 0.6041666666666666 0.41171875 0.19722222222222222
3 0.058203125 0.7930555555555555 0.11640625 0.1527777777777778
3 0.951171875 0.7444444444444445 0.09765625 0.10277777777777777
3 0.98984375 0.6104166666666667 0.0203125 0.04583333333333333
3 0.899609375 0.4284722222222222 0.07734375 0.05694444444444444
3 0.102734375 0.30069444444444443 0.203125 0.04861111111111111
3 0.409375 0.23055555555555557 0.08515625 0.058333333333333334