3 0.426563 0.153472 0.162500 0.101389
3 0.605469 0.213889 0.151562 0.086111
3 0.774609 0.302083 0.125781 0.126389
3 0.851953 0.418750 0.185156 0.134722
3 0.808594 0.579167 0.378125 0.197222
3 0.648438 0.915278 0.309375 0.161111
3 0.406250 0.562500 0.312500 0.261111
3 0.069141 0.693056 0.136719 0.311111
3 0.482812 0.337500 0.328125 0.152778
3 0.204687 0.447917 0.181250 0.137500
3 0.097656 0.165278 0.182812 0.125000
3 0.254688 0.130556 0.078125 0.069444
3 0.275781 0.226389 0.140625 0.097222
3 0.109766 0.233333 0.183594 0.097222
3 0.074219 0.382639 0.146875 0.076389
3 0.562500 0.784722 0.204687 0.130556
3 0.973437 0.890972 0.050000 0.162500