3 0.7036458333333333 0.8930555555555556 0.09583333333333334 0.0712962962962963
3 0.44479166666666664 0.775 0.0796875 0.04537037037037037
3 0.6682291666666667 0.7611111111111111 0.06354166666666666 0.046296296296296294
3 0.5458333333333333 0.6851851851851852 0.078125 0.04722222222222222
3 0.6317708333333333 0.7064814814814815 0.0296875 0.01574074074074074
3 0.6375 0.6708333333333333 0.021354166666666667 0.018518518518518517
3 0.48671875 0.6282407407407408 0.0546875 0.024074074074074074
3 0.48020833333333335 0.5740740740740741 0.06666666666666667 0.021296296296296296
3 0.4828125 0.4925925925925926 0.04375 0.017592592592592594
3 0.6333333333333333 0.5907407407407408 0.04739583333333333 0.027777777777777776
3 0.603125 0.624537037037037 0.0421875 0.024074074074074074