3 0.057223 0.455000 0.110694 0.070000
3 0.366792 0.438333 0.050657 0.043333
3 0.602251 0.230000 0.030019 0.020000
3 0.667917 0.310000 0.090056 0.033333
3 0.626642 0.368333 0.052533 0.030000
3 0.528143 0.303333 0.050657 0.033333
3 0.495310 0.570000 0.086304 0.066667
3 0.406191 0.658333 0.159475 0.110000
3 0.622889 0.530000 0.045028 0.033333
3 0.678236 0.661667 0.200750 0.090000
3 0.699812 0.850000 0.176360 0.186667
3 0.749531 0.540000 0.121951 0.100000
3 0.409006 0.280000 0.033771 0.013333
3 0.586304 0.248333 0.050657 0.023333
3 0.553471 0.265000 0.037523 0.023333