0 0.42931649739225913 0.583782459578638 0.0076859730990941535 0.014208721215090642
1 0.37249519626681304 0.5208231259186673 0.030194894317869887 0.020578147966683
0 0.1841888553390063 0.6803037726604606 0.05819379632171287 0.06712395884370406
0 0.28547900082349714 0.8123468887800098 0.03788086741696404 0.07937285644292014
0 0.4054350809772166 0.561734443900049 0.014822948119681581 0.044585987261146494
0 0.39074938237716167 0.5926016658500735 0.01564644523744167 0.03576678098971093
2 0.2598133406533077 0.6087702106810388 0.08866318967883613 0.09358157765801078
0 0.0793302223442218 0.7841744243018128 0.1482294811968158 0.1396374326310632
0 0.15618995333516333 0.9081332680058795 0.16854241010156465 0.17687408133268007
1 0.34188855339006313 0.5391964723174915 0.0315673895141367 0.015188633023027927
0 0.3296733461432885 0.5656540911317981 0.010979961570134504 0.013228809407153356
0 0.3107329124348065 0.5595296423321902 0.014273950041174856 0.014698677119059285
0 0.07164424924512765 0.740813326800588 0.1432884984902553 0.13326800587947085
2 0.47982432061487784 0.7971582557569818 0.14877847927532253 0.3939245467907888