0 0.5017842437551469 0.8317001469867712 0.04611583859456492 0.08280254777070063
0 0.403101839143563 0.6634002939735424 0.07438923963766127 0.11073003429691328
0 0.3137524018665935 0.6457618814306713 0.014273950041174856 0.07741303282704556
0 0.1233873181443865 0.7082312591866732 0.12928904748833378 0.10534051935325821
0 0.29838045566840515 0.6690347868691817 0.01372495196266813 0.03870651641352278
0 0.31100741147405986 0.7439980401763842 0.013175953884161406 0.04556589906908378
0 0.16236618171836398 0.6418422341989221 0.04474334339829811 0.041156295933366
0 0.29700796047213834 0.7119059284664381 0.017567938512215206 0.06369426751592357
0 0.27436178973373593 0.6489465948064674 0.054076310732912435 0.10240078392944635
0 0.44084545704090033 0.9343459088682019 0.04227285204501784 0.1224889759921607
0 0.21630524293164974 0.6847133757961783 0.04611583859456492 0.02792748652621264
0 0.0396651111721109 0.8365997060264576 0.07109525116662092 0.0984811366976972
0 0.33379083173208896 0.7988731014208721 0.03129289047488334 0.40225379715825577