0 0.2173972602739726 0.7820450097847358 0.051780821917808216 0.09344422700587084
0 0.06575342465753424 0.7421722113502935 0.11123287671232877 0.09882583170254403
0 0.544931506849315 0.958904109589041 0.03616438356164384 0.07534246575342465
0 0.2964383561643836 0.5865949119373777 0.011506849315068493 0.0273972602739726
0 0.11493150684931507 0.8860078277886497 0.1515068493150685 0.1888454011741683
0 0.23904109589041095 0.7093933463796478 0.013972602739726028 0.025440313111545987
0 0.33273972602739726 0.5557729941291585 0.00410958904109589 0.023483365949119372
0 0.3206849315068493 0.5963796477495108 0.009589041095890411 0.02446183953033268
0 0.20931506849315068 0.7296966731898239 0.03945205479452055 0.03669275929549902
0 0.16917808219178082 0.7972113502935421 0.05671232876712329 0.07093933463796477
0 0.2915068493150685 0.610078277886497 0.005479452054794521 0.016634050880626222
0 0.15794520547945207 0.6641389432485323 0.06931506849315068 0.06409001956947162
0 0.30397260273972604 0.6174168297455969 0.0052054794520547945 0.021526418786692758
0 0.27821917808219176 0.6756360078277887 0.0589041095890411 0.08806262230919765
0 0.3115068493150685 0.5905088062622309 0.0038356164383561643 0.010763209393346379
0 0.28342465753424656 0.6183953033268101 0.01452054794520548 0.03228962818003914
2 0.2347945205479452 0.6083659491193738 0.04876712328767123 0.04256360078277886
1 0.5872602739726027 0.9637964774951077 0.05780821917808219 0.030332681017612523
0 0.3049315068493151 0.5831702544031311 0.0027397260273972603 0.010763209393346379
0 0.2647945205479452 0.5807240704500979 0.013424657534246575 0.010763209393346379