0 0.35026077408729067 0.5752082312591866 0.018665934669228657 0.027437530622243998
1 0.3130661542684601 0.5916217540421362 0.12654405709580016 0.006369426751592357
0 0.04803733186933846 0.8226359627633513 0.08564370024704913 0.11073003429691328
0 0.19338457315399396 0.841499265066144 0.18858083996706013 0.3052425281724645
1 0.3335163326928356 0.6950024497795199 0.029096898160856435 0.015188633023027927
0 0.40584682953609663 0.5578147966682998 0.007960472138347515 0.022048015678588925
0 0.16387592643425747 0.7351788339049485 0.10101564644523744 0.0984811366976972
0 0.23346143288498492 0.8875551200391965 0.04199835300576448 0.06908378245957864
0 0.39774910787812245 0.5553650171484567 0.009332967334614329 0.0240078392944635
1 0.38292615975844085 0.7114159725624694 0.03184188855339006 0.010779029887310143
0 0.38429865495470766 0.8819206271435571 0.023606917375789186 0.16560509554140126
0 0.40872906944825693 0.7138657520823126 0.03952786165248422 0.19892209701126898