0 0.3796321712874005 0.8123468887800098 0.04721383475157837 0.3753062224399804
0 0.4766675816634642 0.809407153356198 0.07438923963766127 0.15972562469377757
0 0.45209991765028823 0.6200391964723175 0.014822948119681581 0.021068103870651642
0 0.28753774361789736 0.6146496815286624 0.09360417238539664 0.08574228319451249
0 0.3832006587976942 0.6188143067123959 0.022508921218775735 0.09407153356197942
0 0.4330222344221795 0.6055854973052426 0.009607466373867692 0.021558059774620286
0 0.45209991765028823 0.9363057324840764 0.022508921218775735 0.1224889759921607
0 0.4323359868240461 0.6317981381675649 0.01592094427669503 0.043606075453209214
0 0.41668954158660443 0.5531602155805977 0.01262695580565468 0.030377266046055854
0 0.45704090035684874 0.8160215580597746 0.11583859456491902 0.3679568838804508
0 0.15989569036508372 0.9152376286134248 0.10897611858358495 0.1695247427731504
0 0.45045292341476806 0.6656050955414012 0.009332967334614329 0.033806957373836356
0 0.4337084820203129 0.699657030867222 0.01372495196266813 0.039196472317491425
0 0.4231402690090585 0.5850073493385596 0.011803458687894593 0.034296913277805
0 0.4054350809772166 0.587702106810387 0.021959923140269007 0.037726604605585495
0 0.26324457864397477 0.7253797158255757 0.13889651386220148 0.2229299363057325