0 0.4178082191780822 0.6298923679060665 0.01808219178082192 0.023972602739726026
0 0.4604109589041096 0.7485322896281801 0.02547945205479452 0.07436399217221135
0 0.4249315068493151 0.5941780821917808 0.008767123287671232 0.017123287671232876
0 0.3938356164383562 0.5408512720156555 0.018904109589041096 0.03571428571428571
0 0.3326027397260274 0.6426125244618396 0.03397260273972603 0.06604696673189824
0 0.4917808219178082 0.9256360078277887 0.03616438356164384 0.1487279843444227
2 0.4315068493150685 0.5499021526418787 0.019178082191780823 0.036203522504892366
0 0.3032876712328767 0.5821917808219178 0.05808219178082192 0.033268101761252444
0 0.41904109589041094 0.6773483365949119 0.02219178082191781 0.062133072407045006
0 0.43383561643835616 0.6205968688845401 0.015616438356164384 0.038649706457925634
0 0.4352054794520548 0.5768101761252447 0.009589041095890411 0.015655577299412915