0 0.524155915454296 0.9118079372856442 0.08427120505078232 0.164625183733464
0 0.38141641504254736 0.6048505634492896 0.04144935492725776 0.05438510534051935
0 0.40845457040900357 0.5862322390984811 0.032390886631896786 0.09652131308182263
0 0.14040625857809497 0.9282214600685939 0.096898160856437 0.13767760901518863
1 0.1760911336810321 0.8054875061244487 0.35053527312654403 0.13326800587947085
0 0.3090859181992863 0.8441940225379716 0.13450452923414769 0.30965213130818225
0 0.2857534998627505 0.6325330720235178 0.08125171561899533 0.06271435570798628
0 0.4478451825418611 0.9012738853503185 0.08921218775734285 0.19059284664380205
1 0.28067526763656325 0.6839784419402254 0.19571781498764754 0.012738853503184714
2 0.4267087565193522 0.7364037236648702 0.1100741147405984 0.20676139147476727
0 0.16648366730716443 0.7459578637922587 0.05572330496843261 0.05438510534051935