0 0.11721108976118584 0.835374816266536 0.23387318144386496 0.1910828025477707
1 0.2311281910513313 0.8201861832435081 0.16799341202305793 0.03331700146986771
0 0.40639582761460336 0.6237138657520823 0.02827340104309635 0.07055365017148457
1 0.2436178973373593 0.8816756491915727 0.4872357946747186 0.23370896619304263
0 0.31114466099368654 0.6915727584517394 0.13313203403788088 0.18569328760411563
0 0.43494372769695305 0.6947574718275356 0.023881416415042548 0.13228809407153355
0 0.4680208619269833 0.7040666340029398 0.022508921218775735 0.06271435570798628
0 0.5461158385945649 0.9078882900538952 0.07054625308811419 0.1773640372366487
0 0.42615975844084547 0.8613424791768741 0.01674444139445512 0.042136207741303285
0 0.23071644249245127 0.6959823615874571 0.21493274773538293 0.23664870161685447
0 0.5071369750205874 0.9296913277804998 0.04144935492725776 0.1386575208231259
0 0.337222069722756 0.8282704556589907 0.11501509744715893 0.34345908868201863