0 0.383013698630137 0.5638454011741683 0.024657534246575342 0.04354207436399217
0 0.41013698630136985 0.8378180039138943 0.01589041095890411 0.08561643835616438
0 0.3906849315068493 0.6582681017612525 0.009315068493150684 0.015166340508806261
1 0.1910958904109589 0.8730430528375733 0.37616438356164383 0.09540117416829745
0 0.39273972602739726 0.8918786692759295 0.01780821917808219 0.21232876712328766
1 0.4743835616438356 0.8896771037181996 0.18767123287671234 0.03767123287671233
0 0.3926027397260274 0.6083659491193738 0.014246575342465753 0.01223091976516634
0 0.3821917808219178 0.6797945205479452 0.006575342465753425 0.018101761252446183
0 0.4054794520547945 0.6098336594911937 0.006575342465753425 0.03571428571428571
0 0.41164383561643836 0.7059686888454012 0.02547945205479452 0.15459882583170254
0 0.23246575342465753 0.6149706457925636 0.1136986301369863 0.09295499021526418
0 0.3832876712328767 0.7086594911937377 0.01315068493150685 0.0337573385518591
0 0.0910958904109589 0.7279843444227005 0.18 0.1360078277886497