0 0.5108427120505078 0.6366976972072513 0.007136975020587428 0.0171484566389025
0 0.48847104035135874 0.7224399804017638 0.023881416415042548 0.09358157765801078
0 0.3569860005489981 0.6999020088192063 0.02003842986549547 0.030867221950024497
0 0.3941806203678287 0.6102400783929446 0.008234971177600879 0.0171484566389025
0 0.377710678012627 0.5619794218520333 0.03568487510293714 0.030377266046055854
0 0.4779028273401043 0.6308182263596276 0.022508921218775735 0.049485546300832926
0 0.05888004391984628 0.7650661440470358 0.11117211089761186 0.044585987261146494
0 0.17293439472961844 0.7275845173934345 0.12023057919297282 0.10681038706516413
0 0.38580839967060115 0.6673199412052915 0.018391435629975295 0.02449779519843214
1 0.48325555860554487 0.5646741793238609 0.012901454844908043 0.008329250367466928
0 0.4758440845457041 0.5585497305242528 0.003568487510293714 0.012738853503184714
0 0.6082898709854515 0.8865752082312592 0.04611583859456492 0.12101910828025478
0 0.49821575624485315 0.88265556099951 0.03952786165248422 0.23174914257716805
0 0.4622563821026626 0.567123958843704 0.008783969256107603 0.028907398334149927
0 0.5731539939610212 0.9407153356197943 0.017567938512215206 0.11170994610485056
0 0.12475981334065331 0.7638412542871141 0.034312379906670326 0.039196472317491425
0 0.3057919297282459 0.6325330720235178 0.1454844908042822 0.09309162175404213
0 0.40076859730990944 0.5992160705536502 0.0032939884710403516 0.007839294463498285
0 0.48682404611583857 0.6675649191572759 0.010156464452374416 0.033806957373836356
0 0.4374142190502333 0.7540421362077413 0.011254460609387867 0.03331700146986771
0 0.5078232226187208 0.6092601665850074 0.007136975020587428 0.029887310142087214
0 0.48696129563546525 0.576188143067124 0.0032939884710403516 0.014698677119059285
0 0.27985177051880317 0.8532582067613915 0.0859181992863025 0.2905438510534052
0 0.3295360966236618 0.8015678588926997 0.01564644523744167 0.034296913277805
0 0.48696129563546525 0.5933365997060265 0.0043919846280538015 0.008819206271435572
0 0.22604995882514411 0.6548260656540912 0.03705737029920395 0.03968642822146007
0 0.38361240735657426 0.6330230279274865 0.008509470216854241 0.03135717785399314
0 0.1027998902003843 0.7329740323370897 0.03266538567115015 0.02253797158255757
0 0.5422728520450179 0.8373346398824106 0.01784243755146857 0.034296913277805
1 0.5211364260225089 0.8123468887800098 0.029920395278616525 0.020578147966683
0 0.3987098545155092 0.6489465948064674 0.011254460609387867 0.014208721215090642