0 0.6157013450452924 0.9473297403233709 0.0631347790282734 0.09064184223419892
0 0.20312928904748834 0.6597256246937776 0.11858358495745265 0.10142087212150906
0 0.37565193521822676 0.651641352278295 0.009607466373867692 0.02449779519843214
0 0.5705462530881142 0.9434100930916217 0.050782322261872084 0.10142087212150906
0 0.19997255009607467 0.6798138167564919 0.13313203403788088 0.11709946104850563
0 0.3648092231677189 0.5906418422341989 0.009332967334614329 0.023027927486526212
0 0.17087565193521823 0.8532582067613915 0.1550919571781499 0.28564429201371877
0 0.33516332692835576 0.6381675649191573 0.02415591545429591 0.03968642822146007
0 0.293713972001098 0.6751592356687898 0.017567938512215206 0.03233708966193043
0 0.32830085094702166 0.5906418422341989 0.009332967334614329 0.018128368446839783
0 0.546527587153445 0.8794708476237139 0.08180071369750205 0.10681038706516413
0 0.06958550645072742 0.8030377266046056 0.13642602250892122 0.13326800587947085
0 0.32486961295635464 0.6134247917687408 0.01894043370848202 0.03331700146986771
0 0.28479275322536374 0.6038706516413522 0.020587427944002194 0.026947574718275354
0 0.5337633818281636 0.7959333659970602 0.03870436453472413 0.10730034296913278
0 0.44619818830634095 0.8478686918177364 0.11336810321163876 0.2905438510534052
2 0.41367005215481745 0.6237138657520823 0.06258578094976668 0.11562959333659971