0 0.21493150684931506 0.7607632093933464 0.05780821917808219 0.0821917808219178
0 0.3165753424657534 0.6771037181996086 0.01726027397260274 0.03424657534246575
0 0.40643835616438356 0.6731898238747553 0.01780821917808219 0.04207436399217221
0 0.36945205479452053 0.6690313111545988 0.012328767123287671 0.034735812133072405
0 0.3234246575342466 0.5887964774951077 0.05780821917808219 0.1022504892367906
0 0.2980821917808219 0.6602250489236791 0.0263013698630137 0.038649706457925634
0 0.12356164383561644 0.9080234833659491 0.12 0.16829745596868884
1 0.25246575342465755 0.702054794520548 0.2852054794520548 0.02446183953033268
0 0.36904109589041095 0.5298434442270059 0.0032876712328767125 0.007827788649706457
2 0.40356164383561643 0.8427103718199609 0.08712328767123288 0.30968688845401177
0 0.38753424657534247 0.62426614481409 0.019452054794520546 0.09001956947162426