0 0.16469942355201755 0.7226849583537481 0.13834751578369475 0.09407153356197942
0 0.32473236343672796 0.7692307692307693 0.03623387318144387 0.05879470847623714
0 0.47186384847653035 0.7300342969132778 0.014273950041174856 0.054875061244487995
0 0.35931924238265167 0.7035766780989711 0.02086192698325556 0.03723664870161685
0 0.303184188855339 0.7493875551200392 0.026077408729069447 0.04752572268495835
0 0.19283557507548724 0.855952964233219 0.08097721657974197 0.10191082802547771
0 0.6297007960472139 0.9617834394904459 0.055997804007685975 0.07349338559529642
0 0.4551194070820752 0.7775600195982362 0.005489980785067252 0.01567858892699657
0 0.3067526763656327 0.6371876531112199 0.013999451001921494 0.018128368446839783
0 0.25446060938786713 0.6795688388045076 0.08289870985451551 0.07153356197942186
0 0.5698600054899808 0.9282214600685939 0.05489980785067252 0.1337579617834395
0 0.07260499588251441 0.8282704556589907 0.14356299752950866 0.1347378735913768
0 0.4162777930277244 0.9216070553650172 0.02827340104309635 0.15384615384615385