0 0.3214383749656876 0.6460068593826556 0.045566840516058194 0.0720235178833905
0 0.47323634367279716 0.6580107790298874 0.05380181169365907 0.11170994610485056
0 0.22344221795223718 0.7533072023517884 0.13889651386220148 0.17001469867711905
0 0.1432884984902553 0.7809897109260167 0.16030743892396376 0.16168544830965212
1 0.3783969256107604 0.6065654091131798 0.06725226461707384 0.014698677119059285
0 0.31334065330771343 0.5948064674179324 0.01784243755146857 0.028417442430181284
0 0.2069722755970354 0.9500244977951985 0.049958825144112 0.09309162175404213
0 0.07589898435355476 0.8868201861832435 0.15179796870710952 0.09897109260166585
0 0.5392533626132309 0.7959333659970602 0.07768322810870162 0.16413522782949536
0 0.4589623936316223 0.9274865262126408 0.030194894317869887 0.14208721215090642
0 0.1564644523744167 0.876531112199902 0.04940982706560527 0.06369426751592357
0 0.4865495470765852 0.7376286134247918 0.04090035684875103 0.08280254777070063
0 0.3003019489431787 0.6371876531112199 0.02854790008234971 0.04654581087702107