0 0.3235616438356164 0.8639921722113503 0.09315068493150686 0.2553816046966732
0 0.37726027397260276 0.7250489236790607 0.009315068493150684 0.043052837573385516
0 0.0426027397260274 0.7947651663405088 0.0852054794520548 0.06800391389432485
0 0.19643835616438357 0.699853228962818 0.022465753424657533 0.02592954990215264
0 0.39095890410958906 0.5667808219178082 0.03726027397260274 0.045499021526418784
0 0.4005479452054794 0.7671232876712328 0.010958904109589041 0.11350293542074363
0 0.42904109589041095 0.6051859099804305 0.03671232876712329 0.03228962818003914
0 0.3456164383561644 0.62279843444227 0.016712328767123287 0.05185909980430528
0 0.4249315068493151 0.6702544031311155 0.03780821917808219 0.10665362035225048
0 0.4373972602739726 0.9080234833659491 0.0715068493150685 0.1771037181996086
1 0.36767123287671233 0.6768590998043053 0.07835616438356165 0.009295499021526418
1 0.2267123287671233 0.7093933463796478 0.13232876712328767 0.009784735812133072
0 0.41054794520547944 0.5562622309197651 0.02273972602739726 0.014677103718199608
0 0.11082191780821918 0.761986301369863 0.09835616438356165 0.10518590998043052
0 0.3302739726027397 0.5819471624266145 0.01726027397260274 0.030821917808219176
1 0.2602739726027397 0.6905577299412916 0.10465753424657534 0.017123287671232876