1 0.40643835616438356 0.6223091976516634 0.04301369863013699 0.023483365949119372
0 0.41164383561643836 0.8957925636007827 0.03534246575342466 0.20841487279843443
0 0.18397260273972602 0.8277886497064579 0.07698630136986301 0.11937377690802348
0 0.3802739726027397 0.714041095890411 0.028493150684931506 0.14530332681017613
0 0.37753424657534246 0.5728962818003914 0.01643835616438356 0.036203522504892366
0 0.5665753424657535 0.8583659491193738 0.10575342465753425 0.19227005870841488
0 0.3065753424657534 0.6431017612524462 0.046027397260273974 0.07387475538160469
0 0.22027397260273973 0.687866927592955 0.14027397260273972 0.16536203522504891
1 0.3475342465753425 0.7561154598825832 0.05232876712328767 0.02201565557729941
1 0.22657534246575342 0.6543542074363993 0.02958904109589041 0.004403131115459882
0 0.29945205479452053 0.7128180039138943 0.01808219178082192 0.03816046966731898
0 0.4706849315068493 0.6790606653620352 0.02904109589041096 0.03718199608610567
0 0.37123287671232874 0.62573385518591 0.022465753424657533 0.02837573385518591
0 0.40835616438356165 0.5826810176125244 0.012328767123287671 0.043052837573385516
0 0.4363013698630137 0.7340998043052838 0.010684931506849316 0.07778864970645792
0 0.0873972602739726 0.809931506849315 0.16986301369863013 0.1687866927592955
1 0.18465753424657536 0.6959393346379648 0.052054794520547946 0.030821917808219176
1 0.4347945205479452 0.6538649706457925 0.03945205479452055 0.011252446183953033
0 0.3952054794520548 0.6095890410958904 0.012876712328767123 0.03131115459882583
0 0.28671232876712327 0.860812133072407 0.10712328767123287 0.27837573385518594
1 0.41136986301369866 0.6470156555772995 0.033698630136986304 0.015166340508806261
0 0.016712328767123287 0.8999510763209393 0.033424657534246574 0.03669275929549902
0 0.4124657534246575 0.7460861056751468 0.011780821917808219 0.022504892367906065
0 0.41643835616438357 0.6364970645792564 0.00821917808219178 0.014677103718199608
1 0.32095890410958905 0.6372309197651663 0.10986301369863014 0.014187866927592954
0 0.44424657534246575 0.9496086105675147 0.019452054794520546 0.09099804305283757
0 0.42904109589041095 0.8082191780821918 0.023013698630136987 0.1095890410958904