0 0.262283832006588 0.621264086232239 0.07493823771616799 0.08917197452229299
0 0.20367828712599506 0.6423321901028908 0.1306615426846006 0.11954924056834886
0 0.25583310458413394 0.7035766780989711 0.08180071369750205 0.10387065164135229
0 0.3995333516332693 0.6337579617834395 0.028822399121603073 0.23174914257716805
0 0.3377710678012627 0.6075453209211171 0.05846829536096624 0.14698677119059284
0 0.4294537469118858 0.8277804997550221 0.0403513587702443 0.04850563449289564
0 0.31677189129838046 0.5639392454679079 0.025802909689816085 0.041156295933366
0 0.4831183090859182 0.7589416952474277 0.0697227559703541 0.18324350808427242
0 0.11076036233873181 0.753797158255757 0.21108976118583586 0.20333170014698676
2 0.22110897611858357 0.8530132288094071 0.17979687071095252 0.2920137187653111
0 0.5484490804282185 0.9505144536991671 0.03842986549547077 0.09407153356197942