0 0.46129563546527586 0.719500244977952 0.011254460609387867 0.06516413522782949
0 0.40639582761460336 0.6163645271925526 0.031018391435629976 0.07055365017148457
0 0.26200933296733464 0.6376776090151887 0.01784243755146857 0.044585987261146494
0 0.05791929728245951 0.9412052915237629 0.10870161954433159 0.11464968152866242
0 0.4147680483118309 0.6883880450759432 0.017018940433708482 0.023517883390494855
0 0.5199011803458687 0.8718765311121999 0.09223167718912983 0.2513473787359138
1 0.4238265166071919 0.7540421362077413 0.05819379632171287 0.018618324350808426
0 0.3421630524293165 0.8302302792748653 0.06176228383200659 0.33268005879470847
0 0.10801537194619819 0.8319451249387555 0.047488333790831734 0.05879470847623714
0 0.2591270930551743 0.7447329740323371 0.04117485588800439 0.05879470847623714
0 0.39445511940708206 0.8802057814796669 0.03623387318144387 0.23076923076923078
1 0.17224814713148504 0.8610975012248897 0.2714795498215756 0.06810387065164135
0 0.04735108427120505 0.8461538461538461 0.04144935492725776 0.06565409113179814
2 0.35931924238265167 0.5774130328270456 0.026351907768322812 0.037726604605585495
0 0.15591545429590997 0.9311611954924057 0.07576173483392808 0.13081822635962764
0 0.25706835026077407 0.6886330230279275 0.047488333790831734 0.03870651641352278
0 0.37798517705188034 0.6276335129838314 0.015371946198188307 0.06271435570798628