0 0.3750684931506849 0.9603718199608611 0.033424657534246574 0.07045009784735812
0 0.3504109589041096 0.5731409001956947 0.010410958904109589 0.01614481409001957
0 0.3589041095890411 0.8199608610567515 0.03671232876712329 0.08806262230919765
0 0.2745205479452055 0.9092465753424658 0.07287671232876712 0.1678082191780822
0 0.3801369863013699 0.5631115459882583 0.004657534246575342 0.009784735812133072
0 0.376986301369863 0.6785714285714286 0.04547945205479452 0.09393346379647749
0 0.39657534246575343 0.7644324853228963 0.024383561643835615 0.04452054794520548
0 0.43273972602739724 0.9755381604696673 0.018904109589041096 0.04892367906066536
0 0.4193150684931507 0.9341976516634051 0.021095890410958905 0.04941291585127201
0 0.4123287671232877 0.7495107632093934 0.012602739726027398 0.05968688845401174
0 0.4884931506849315 0.9750489236790607 0.027945205479452055 0.04794520547945205
0 0.403972602739726 0.8214285714285714 0.021643835616438355 0.04794520547945205
0 0.4002739726027397 0.5966242661448141 0.014246575342465753 0.06996086105675146
0 0.4452054794520548 0.910958904109589 0.033424657534246574 0.17318982387475537
0 0.3080821917808219 0.7226027397260274 0.02547945205479452 0.06947162426614481
2 0.303013698630137 0.6585127201565558 0.04328767123287671 0.03913894324853229