0 0.3067526763656327 0.6506614404703577 0.025528410650562723 0.08525232729054386
0 0.403101839143563 0.8936795688388045 0.0293713972001098 0.20578147966683
0 0.2422454021410925 0.7339539441450269 0.021685424101015646 0.04017638412542871
0 0.33447707933022236 0.5570798628123469 0.015097447158934943 0.06957373836354729
0 0.22646170738402416 0.876531112199902 0.043919846280538015 0.23027927486526212
0 0.29700796047213834 0.8716315531602156 0.07576173483392808 0.253797158255757
0 0.2591270930551743 0.6903478686918177 0.04227285204501784 0.04703576678098971
0 0.168816909140818 0.6553160215580598 0.06203678287125995 0.0583047525722685
0 0.3171836398572605 0.5845173934345909 0.017293439472961844 0.030377266046055854
0 0.2838320065879769 0.6073003429691328 0.021959923140269007 0.056344928956393925
0 0.318693384573154 0.6697697207251347 0.07685973099094154 0.23419892209701126
0 0.3981608564370025 0.6856932876041156 0.023881416415042548 0.14355707986281235
0 0.4009058468295361 0.6121999020088192 0.02113642602250892 0.07398334149926507
0 0.13752401866593467 0.8441940225379716 0.17073840241559154 0.288094071533562