0 0.26835616438356164 0.5489236790606654 0.015068493150684932 0.016634050880626222
1 0.34534246575342464 0.6191291585127201 0.17835616438356164 0.021037181996086105
0 0.23876712328767125 0.5907534246575342 0.0884931506849315 0.08170254403131115
0 0.21835616438356165 0.898238747553816 0.04438356164383562 0.09393346379647749
0 0.3410958904109589 0.5362035225048923 0.005479452054794521 0.012720156555772993
1 0.34616438356164386 0.8202054794520548 0.346027397260274 0.05724070450097847
0 0.3326027397260274 0.610078277886497 0.016986301369863014 0.022504892367906065
0 0.13602739726027396 0.9461839530332681 0.03863013698630137 0.10273972602739725
0 0.09808219178082192 0.6959393346379648 0.19506849315068492 0.13356164383561644
1 0.27123287671232876 0.7639432485322897 0.03232876712328767 0.020058708414872797
0 0.2961643835616438 0.5276418786692759 0.015342465753424657 0.01614481409001957