0 0.4706849315068493 0.8087084148727984 0.012054794520547946 0.08512720156555773
0 0.015616438356164384 0.8933463796477495 0.03123287671232877 0.02837573385518591
0 0.4278082191780822 0.9112035225048923 0.021095890410958905 0.17367906066536204
0 0.453972602739726 0.9141389432485323 0.019726027397260273 0.09735812133072407
0 0.40506849315068494 0.827054794520548 0.023287671232876714 0.06409001956947162
2 0.41205479452054794 0.613013698630137 0.040547945205479455 0.11937377690802348
0 0.346027397260274 0.6947162426614482 0.09205479452054795 0.08512720156555773
0 0.09726027397260274 0.8221624266144814 0.12547945205479452 0.13258317025440314
0 0.4075342465753425 0.7443737769080235 0.04191780821917808 0.10616438356164383
0 0.11246575342465753 0.9503424657534246 0.061095890410958906 0.09735812133072407
0 0.25575342465753426 0.8652152641878669 0.09342465753424657 0.25978473581213307
0 0.42575342465753424 0.7331213307240705 0.02904109589041096 0.12279843444227005