1 0.2658904109589041 0.6232876712328768 0.03424657534246575 0.009784735812133072
0 0.263972602739726 0.6949608610567515 0.013972602739726028 0.026908023483365948
0 0.38315068493150684 0.8299902152641878 0.012876712328767123 0.034735812133072405
0 0.3234246575342466 0.6467710371819961 0.010684931506849316 0.022504892367906065
2 0.4712328767123288 0.5887964774951077 0.0652054794520548 0.08953033268101761
0 0.21082191780821918 0.800880626223092 0.02 0.05185909980430528
0 0.3815068493150685 0.5682485322896281 0.004657534246575342 0.01614481409001957
0 0.5578082191780822 0.8818493150684932 0.1073972602739726 0.22064579256360078
1 0.333972602739726 0.7551369863013698 0.3336986301369863 0.021037181996086105
1 0.3784931506849315 0.6352739726027398 0.07534246575342465 0.007338551859099804
1 0.31246575342465754 0.6805283757338552 0.37616438356164383 0.036203522504892366
0 0.4280821917808219 0.7901174168297456 0.03205479452054794 0.03522504892367906
1 0.3567123287671233 0.5880626223091977 0.13753424657534247 0.005870841487279843
0 0.3589041095890411 0.9090019569471625 0.01863013698630137 0.13013698630136986
0 0.2784931506849315 0.6000489236790607 0.02 0.020058708414872797