0 0.41013698630136985 0.6396771037181996 0.030136986301369864 0.09050880626223091
0 0.46315068493150685 0.7235812133072407 0.047397260273972605 0.07045009784735812
0 0.5171232876712328 0.8287671232876712 0.03315068493150685 0.11252446183953033
0 0.42753424657534245 0.7636986301369864 0.033698630136986304 0.1350293542074364
0 0.25 0.6572896281800391 0.14328767123287672 0.07583170254403131
0 0.48726027397260274 0.9026418786692759 0.03205479452054794 0.14774951076320939
0 0.3376712328767123 0.9383561643835616 0.05452054794520548 0.10665362035225048
0 0.04356164383561644 0.8906555772994129 0.08712328767123288 0.1697651663405088
0 0.2658904109589041 0.8522504892367906 0.04794520547945205 0.11741682974559686
0 0.34054794520547943 0.7064579256360078 0.0789041095890411 0.07436399217221135
0 0.3926027397260274 0.7206457925636007 0.03616438356164384 0.04794520547945205
0 0.4626027397260274 0.776174168297456 0.010136986301369864 0.03571428571428571
0 0.35191780821917806 0.8258317025440313 0.051780821917808216 0.16731898238747553
0 0.4413698630136986 0.8945694716242661 0.030684931506849315 0.19227005870841488
1 0.24397260273972604 0.7355675146771037 0.16904109589041097 0.0337573385518591
0 0.12164383561643835 0.7394814090019569 0.11232876712328767 0.10322896281800391