2 0.3806849315068493 0.8065068493150684 0.06821917808219179 0.1404109589041096
1 0.1815068493150685 0.7947651663405088 0.3389041095890411 0.02299412915851272
2 0.24452054794520547 0.735078277886497 0.08136986301369863 0.13845401174168298
0 0.2895890410958904 0.648238747553816 0.017534246575342465 0.030332681017612523
0 0.37726027397260276 0.598825831702544 0.014794520547945205 0.0410958904109589
0 0.40356164383561643 0.6582681017612525 0.01863013698630137 0.059197651663405085
0 0.2152054794520548 0.9009295499021527 0.06821917808219179 0.17759295499021527
0 0.2647945205479452 0.7766634050880626 0.03095890410958904 0.07876712328767123
0 0.36013698630136987 0.7059686888454012 0.012876712328767123 0.06555772994129158
0 0.36054794520547945 0.6301369863013698 0.01643835616438356 0.08512720156555773
2 0.21164383561643835 0.6367416829745597 0.08082191780821918 0.07289628180039139