0 0.37867142465001374 0.6418422341989221 0.015097447158934943 0.08329250367466928
0 0.08742794400219599 0.9786869181773641 0.05462530881141916 0.03968642822146007
0 0.3149876475432336 0.6060754532092112 0.018391435629975295 0.06565409113179814
0 0.20038429865495472 0.8554630083292504 0.1262695580565468 0.1763841254287114
0 0.2823222618720834 0.6371876531112199 0.02827340104309635 0.026947574718275354
0 0.37578918473785344 0.580107790298873 0.032939884710403516 0.08035276825085742
0 0.3119681581114466 0.7099461048505634 0.0315673895141367 0.0744732974032337
0 0.33324183365358223 0.5453209211170995 0.015371946198188307 0.050955414012738856
0 0.3443590447433434 0.7709456148946595 0.01894043370848202 0.0788829005389515
0 0.3812791655229207 0.8400293973542381 0.025802909689816085 0.31308182263596274
0 0.3274773538292616 0.79421852033317 0.11199560801537195 0.24007839294463498
0 0.20079604721383476 0.8241058304752572 0.04144935492725776 0.08623223909848114
0 0.2913807301674444 0.5850073493385596 0.010705462530881142 0.02939735423811857
0 0.3266538567115015 0.6256736893679569 0.044468844359044746 0.11073003429691328
0 0.1461707384024156 0.7966682998530132 0.21548174581388965 0.29887310142087214