0 0.4449629426297008 0.5984811366976972 0.01262695580565468 0.03576678098971093
0 0.39651386220148227 0.6616854483096521 0.00521548174581389 0.02792748652621264
0 0.22659895690365084 0.6812836844683978 0.12709305517430688 0.13571778539931406
0 0.43988471040351357 0.7016168544830965 0.00631347790282734 0.021558059774620286
0 0.5247049135328027 0.759186673199412 0.04364534724128465 0.07104360607545321
0 0.41957178149876473 0.6077902988731014 0.016195443315948393 0.07986281234688879
0 0.41957178149876473 0.6807937285644292 0.032116387592643424 0.11024007839294464
0 0.4177875377436179 0.7692307692307693 0.03623387318144387 0.12542871141597256
0 0.3912983804556684 0.9365507104360608 0.016195443315948393 0.12199902008819206
0 0.5866044468844359 0.8606075453209211 0.08509470216854241 0.13277804997550222
0 0.5050782322261872 0.7738853503184714 0.048860828987098544 0.10338069573738363
0 0.46884435904474336 0.6695247427731504 0.044468844359044746 0.10044096031357178
0 0.456491902278342 0.9010289073983342 0.044468844359044746 0.14012738853503184
2 0.26091133681032114 0.7496325330720235 0.18254186110348614 0.3076923076923077
0 0.5798792204227285 0.9135227829495346 0.10238814164150425 0.17295443410093092
0 0.3853966511117211 0.5492405683488486 0.0076859730990941535 0.012738853503184714
0 0.4267087565193522 0.8946594806467418 0.06011528959648641 0.20186183243508085
0 0.08125171561899533 0.828515433610975 0.16250343123799066 0.16658500734933857