0 0.2736755421356025 0.6599706026457619 0.034037880867416964 0.030377266046055854
1 0.23744166895415866 0.5788829005389515 0.04227285204501784 0.01224889759921607
0 0.2674993137524019 0.6065654091131798 0.018391435629975295 0.06761391474767271
0 0.20971726598956902 0.567123958843704 0.013175953884161406 0.0514453699167075
1 0.35588800439198465 0.699657030867222 0.24128465550370573 0.017638412542871143
0 0.16909140818007137 0.6205291523762861 0.06807576173483393 0.07398334149926507
0 0.3280263519077683 0.6682998530132288 0.03348888278891024 0.06369426751592357
0 0.34696678561625033 0.6102400783929446 0.021410925061762284 0.03576678098971093
0 0.25583310458413394 0.6237138657520823 0.005489980785067252 0.021558059774620286
0 0.11281910513313204 0.8669769720725135 0.17787537743617898 0.2542871141597256
0 0.35108427120505076 0.9470847623713866 0.03897886357397749 0.09897109260166585
0 0.2802635190776832 0.6033806957373836 0.0076859730990941535 0.02596766291033807
0 0.3499862750480373 0.7753552180303772 0.08674169640406258 0.14551690347868693
0 0.24238265166071918 0.6653601175894169 0.026900905846829536 0.046055854973052424
0 0.21356025253911612 0.7141107300342969 0.03952786165248422 0.049485546300832926
0 0.09580016469942355 0.850563449289564 0.19105133132034038 0.24203821656050956