0 0.12517156189953335 0.7709456148946595 0.012077957727147955 0.016168544830965213
1 0.41367005215481745 0.8542381185693287 0.17073840241559154 0.04850563449289564
0 0.4352182267362064 0.8549730524252818 0.06011528959648641 0.28123468887800096
0 0.19942355201756795 0.6629103380695738 0.07219324732363437 0.07153356197942186
0 0.10266264068075762 0.7476727094561489 0.06917375789184738 0.06663400293973543
0 0.2880867416964041 0.6033806957373836 0.006862475981334065 0.0102890739833415
0 0.37867142465001374 0.5994610485056345 0.013999451001921494 0.021068103870651642
1 0.19873730441943452 0.9257716805487506 0.0609387867142465 0.02596766291033807
0 0.15975844084545704 0.7364037236648702 0.040625857809497665 0.06369426751592357
0 0.29755695855064507 0.5923566878980892 0.0076859730990941535 0.009799118079372856
0 0.37098545155091955 0.580107790298873 0.011803458687894593 0.01567858892699657
0 0.06409552566566017 0.8375796178343949 0.12379906670326654 0.10534051935325821
0 0.39239637661268184 0.6472317491425772 0.014548449080428218 0.061734443900048994
0 0.31828163601427395 0.8015678588926997 0.1336810321163876 0.3811856932876041