0 0.14671973648092232 0.7493875551200392 0.04529234147680483 0.049485546300832926
0 0.1152895964864123 0.9267515923566879 0.08564370024704913 0.13277804997550222
0 0.3976118583584957 0.5377266046055855 0.007960472138347515 0.023027927486526212
0 0.3486137798517705 0.5509554140127388 0.008234971177600879 0.007349338559529643
0 0.3988471040351359 0.7319941205291524 0.01592094427669503 0.057814796668299855
0 0.44551194070820754 0.9274865262126408 0.02525391161130936 0.14502694757471826
0 0.27998902003842985 0.6178343949044586 0.07960472138347516 0.07349338559529642
0 0.31183090859181994 0.628858402743753 0.02525391161130936 0.04556589906908378
0 0.17156189953335163 0.899314061734444 0.10046664836673072 0.19647231749142577
0 0.39527861652484214 0.580107790298873 0.017018940433708482 0.050955414012738856
0 0.33324183365358223 0.5690837824595787 0.015371946198188307 0.013228809407153356
0 0.06642876749931376 0.7959333659970602 0.1323085369201208 0.1190592846643802
0 0.240735657425199 0.7417932386085252 0.10925061762283832 0.14502694757471826
0 0.42766950315673896 0.8226359627633513 0.018665934669228657 0.0881920627143557