0 0.6390337633818282 0.9659480646741794 0.04282185012352457 0.06614404703576678
0 0.2034037880867417 0.945124938755512 0.0587427944002196 0.10975012248897599
0 0.14205325281361517 0.7432631063204311 0.027724402964589626 0.039196472317491425
0 0.42780675267636564 0.8549730524252818 0.03046939335712325 0.288094071533562
0 0.30743892396376615 0.9289563939245468 0.03458687894592369 0.13816756491915727
0 0.5424101015646445 0.7809897109260167 0.08289870985451551 0.19304262616364526
0 0.33173208893768874 0.7853993140617345 0.013999451001921494 0.05879470847623714
0 0.29481196815811145 0.8091621754042136 0.020312928904748832 0.053405193532582065
0 0.5012352456766401 0.8111219990200882 0.029645896239363163 0.05732484076433121
0 0.48188306340927806 0.925281724644782 0.047488333790831734 0.14453699167074963
0 0.06395827614603349 0.8236158745712886 0.12297556958550646 0.13718765311122