0 0.193796321712874 0.9194022537971582 0.1328575349986275 0.16119549240568348
0 0.25871534449629424 0.6695247427731504 0.08756519352182267 0.07986281234688879
0 0.4047488333790832 0.7883390494855463 0.027724402964589626 0.05389514943655071
0 0.2874004940982707 0.842234198922097 0.12901454844908042 0.31259186673199413
0 0.44757068350260776 0.5649191572758452 0.01674444139445512 0.018618324350808426
0 0.11460334888827889 0.7917687408133268 0.1951688169091408 0.1695247427731504
0 0.36590721932473236 0.8522782949534542 0.0609387867142465 0.2954434100930916
0 0.47831457589898435 0.5781479666829985 0.027175404886082898 0.041156295933366
0 0.35300576447982435 0.5869671729544341 0.09332967334614328 0.07055365017148457
0 0.16648366730716443 0.7165605095541401 0.0903101839143563 0.07790298873101421
0 0.37249519626681304 0.6611954924056835 0.03788086741696404 0.07986281234688879
0 0.4913532802635191 0.9801567858892699 0.016469942355201758 0.03968642822146007
0 0.4706286027998902 0.6295933365997061 0.017293439472961844 0.05389514943655071