0 0.28698874553939063 0.8726114649681529 0.050782322261872084 0.2459578637922587
0 0.59387867142465 0.9409603135717786 0.05133132034037881 0.11513963743263106
0 0.2508921218775734 0.9345908868201862 0.019214932747735385 0.1259186673199412
0 0.19036508372220698 0.6501714845663891 0.06450727422454021 0.06467417932386085
0 0.4873730441943453 0.6565409113179814 0.03486137798517705 0.09211170994610485
0 0.36096623661817184 0.6163645271925526 0.045566840516058194 0.10583047525722684
0 0.4267087565193522 0.8951494365507104 0.04803733186933846 0.20970112689857912
0 0.631347790282734 0.8912297893189612 0.0565468020861927 0.08133268005879471
0 0.43274773538292616 0.6594806467417932 0.05572330496843261 0.2645761881430671
0 0.5138622014822948 0.8125918667319941 0.07960472138347516 0.2013718765311122
0 0.04982157562448532 0.8187163155316022 0.09415317046390338 0.10093091621754043
0 0.487510293713972 0.903233708966193 0.06807576173483393 0.19157275845173935
0 0.1409552566566017 0.9343459088682019 0.05462530881141916 0.08917197452229299
0 0.20944276695031566 0.9201371876531113 0.05489980785067252 0.14796668299853014
0 0.30881141916003296 0.7043116119549241 0.07685973099094154 0.17785399314061734