0 0.30977216579741973 0.732484076433121 0.04090035684875103 0.08035276825085742
0 0.4039253362613231 0.6068103870651641 0.00521548174581389 0.011268985791278784
0 0.30332143837496567 0.5975012248897599 0.018116936590721933 0.02596766291033807
0 0.3541037606368378 0.6317981381675649 0.009332967334614329 0.02792748652621264
0 0.4326104858632995 0.5962763351298384 0.021959923140269007 0.039196472317491425
0 0.41517979687071094 0.6528662420382165 0.021685424101015646 0.07594316511513964
0 0.44688443590447435 0.8983341499265066 0.08180071369750205 0.1464968152866242
0 0.052703815536645625 0.8241058304752572 0.06587976942080703 0.09309162175404213
0 0.4630798792204227 0.6741793238608526 0.017567938512215206 0.04409603135717785
0 0.5997804007685973 0.953454189122979 0.06478177326379357 0.08133268005879471
0 0.2688718089486687 0.8633023027927487 0.028822399121603073 0.07643312101910828
0 0.1424650013724952 0.7523272905438511 0.07740872906944826 0.08770210681038706
0 0.34394729618446335 0.6371876531112199 0.013175953884161406 0.03478686918177364
0 0.44221795223716714 0.7577168054875061 0.03568487510293714 0.13669769720725133