0 0.25157836947570683 0.6408623223909848 0.029920395278616525 0.05683488486036257
0 0.3480647817732638 0.5803527682508575 0.007136975020587428 0.033806957373836356
0 0.03884161405435081 0.8064674179323861 0.07768322810870162 0.07839294463498285
0 0.2076585231951688 0.726359627633513 0.05023332418336536 0.09064184223419892
0 0.43357123250068624 0.9304262616364527 0.037606368377710676 0.13424791768740812
0 0.4033763381828164 0.8258206761391474 0.012901454844908043 0.09652131308182263
2 0.2643425748009882 0.5536501714845664 0.04007685973099094 0.07545320921117099
0 0.4096898160856437 0.9500244977951985 0.01894043370848202 0.09701126898579128
0 0.21163875926434259 0.8312101910828026 0.04227285204501784 0.08182263596276335
0 0.09003568487510294 0.7890739833414993 0.1745813889651386 0.19647231749142577
0 0.24759813340653308 0.7420382165605095 0.047762832830085096 0.0788829005389515
0 0.38429865495470766 0.6423321901028908 0.05819379632171287 0.16266536011758942