0 0.3693150684931507 0.6374755381604696 0.010958904109589041 0.04403131115459882
0 0.25095890410958904 0.577054794520548 0.044931506849315066 0.045499021526418784
0 0.2584931506849315 0.6886007827788649 0.04575342465753424 0.07778864970645792
0 0.39123287671232876 0.5949119373776908 0.009863013698630137 0.04500978473581213
0 0.1941095890410959 0.7037671232876712 0.04136986301369863 0.0474559686888454
0 0.39821917808219176 0.7573385518590998 0.021095890410958905 0.1095890410958904
0 0.32821917808219175 0.6027397260273972 0.042739726027397264 0.12426614481409001
0 0.12808219178082192 0.7913405088062623 0.09342465753424657 0.1286692759295499
0 0.21232876712328766 0.8138454011741683 0.11013698630136987 0.17857142857142858
0 0.13342465753424657 0.946917808219178 0.03287671232876712 0.10518590998043052
0 0.04068493150684931 0.9114481409001957 0.08136986301369863 0.1086105675146771
0 0.28876712328767123 0.6983855185909981 0.042739726027397264 0.06311154598825831
0 0.06315068493150684 0.7600293542074364 0.12356164383561644 0.10909980430528375
0 0.3508219178082192 0.6115459882583171 0.012328767123287671 0.03228962818003914
0 0.1778082191780822 0.6325831702544031 0.03561643835616438 0.023483365949119372
0 0.3028767123287671 0.8238747553816047 0.09780821917808219 0.34344422700587085
0 0.4334246575342466 0.8153131115459883 0.0652054794520548 0.36448140900195697
0 0.41575342465753423 0.6895792563600783 0.011232876712328766 0.04452054794520548
0 0.3858904109589041 0.5574853228962818 0.01452054794520548 0.020058708414872797