0 0.43700247049135327 0.9358157765801078 0.03513587702443041 0.12444879960803527
0 0.4998627504803733 0.8900048995590397 0.03897886357397749 0.21705046545810877
0 0.4773538292615976 0.5467907888290053 0.016469942355201758 0.012738853503184714
0 0.06011528959648641 0.8030377266046056 0.1130936041723854 0.09015188633023027
0 0.4442766950315674 0.5534051935325821 0.045841339555311555 0.02792748652621264
0 0.3398298105956629 0.6788339049485547 0.10101564644523744 0.0984811366976972
0 0.39020038429865495 0.5776580107790299 0.05627230304693934 0.046055854973052424
0 0.44990392533626133 0.6712395884370407 0.021410925061762284 0.04703576678098971
0 0.34888827889102386 0.6151396374326311 0.02305791929728246 0.026947574718275354
0 0.409140818007137 0.6031357177853993 0.017293439472961844 0.02939735423811857
2 0.44619818830634095 0.6121999020088192 0.04090035684875103 0.06908378245957864
0 0.1579741970903102 0.7616364527192553 0.08207521273675542 0.07398334149926507
0 0.06025253911611309 0.8591376776090152 0.11391710129014548 0.1259186673199412
0 0.3000274499039253 0.5994610485056345 0.05160581937963217 0.06712395884370406