0 0.4589041095890411 0.7169765166340509 0.007123287671232876 0.031800391389432484
0 0.4704109589041096 0.674412915851272 0.007671232876712329 0.014187866927592954
0 0.443013698630137 0.588307240704501 0.019178082191780823 0.034735812133072405
1 0.32082191780821917 0.7570939334637965 0.20986301369863014 0.04452054794520548
0 0.49684931506849317 0.7282289628180039 0.015616438356164384 0.03277886497064579
0 0.5927397260273972 0.928082191780822 0.028219178082191782 0.0547945205479452
0 0.43246575342465754 0.7345890410958904 0.0052054794520547945 0.026908023483365948
0 0.45643835616438355 0.7639432485322897 0.010958904109589041 0.04060665362035225
0 0.5417808219178082 0.824119373776908 0.027123287671232878 0.03767123287671233
0 0.4684931506849315 0.6438356164383562 0.014794520547945205 0.03718199608610567
0 0.44397260273972605 0.6509295499021527 0.013972602739726028 0.03277886497064579