0 0.32794520547945205 0.62426614481409 0.03287671232876712 0.07436399217221135
0 0.047123287671232875 0.8625244618395304 0.09424657534246575 0.10665362035225048
0 0.2979452054794521 0.7045009784735812 0.038082191780821915 0.0821917808219178
0 0.21383561643835616 0.6724559686888454 0.04575342465753424 0.05039138943248532
1 0.33493150684931505 0.7639432485322897 0.39424657534246577 0.0337573385518591
1 0.12493150684931507 0.6971624266144814 0.13205479452054794 0.010763209393346379
0 0.2687671232876712 0.6015166340508806 0.0663013698630137 0.08953033268101761
0 0.15753424657534246 0.6548434442270059 0.042739726027397264 0.041585127201565555
1 0.27684931506849314 0.7081702544031311 0.1695890410958904 0.02592954990215264
0 0.14205479452054795 0.7544031311154599 0.09780821917808219 0.11350293542074363
1 0.07082191780821918 0.7429060665362035 0.14164383561643837 0.02201565557729941