0 0.3969256107603623 0.677609015188633 0.04611583859456492 0.06565409113179814
0 0.30483118309085916 0.5730034296913278 0.011254460609387867 0.030867221950024497
0 0.3243206148778479 0.6543361097501225 0.05133132034037881 0.07790298873101421
1 0.20244304144935493 0.6712395884370407 0.1710129014548449 0.08329250367466928
0 0.33955531155640956 0.554140127388535 0.012077957727147955 0.036256736893679566
0 0.3934943727696953 0.5970112689857913 0.010156464452374416 0.02596766291033807
0 0.39088663189678835 0.8275355218030377 0.03458687894592369 0.22929936305732485
0 0.36961295635465274 0.6396374326310632 0.011254460609387867 0.024987751102400785
0 0.31677189129838046 0.5242528172464478 0.01262695580565468 0.025477707006369428
0 0.041312105407631076 0.7929936305732485 0.07823222618720835 0.0847623713865752
0 0.5592917924787263 0.9554140127388535 0.01784243755146857 0.082312591866732