0 0.46143288498490254 0.9478196962273395 0.024704913532802634 0.10436060754532092
1 0.38292615975844085 0.6406173444390005 0.08838869063958277 0.013228809407153356
0 0.4331594839418062 0.930671239588437 0.030194894317869887 0.04654581087702107
0 0.41435629975295085 0.8576678098971092 0.0337633818281636 0.10142087212150906
0 0.2725775459785891 0.7824595786379226 0.14932747735382926 0.29691327780499754
2 0.10897611858358495 0.9247917687408134 0.18116936590721933 0.14551690347868693
0 0.09168267911062311 0.7773150416462519 0.1306615426846006 0.13767760901518863
0 0.1799341202305792 0.7023517883390494 0.08427120505078232 0.0847623713865752
0 0.45978589074938236 0.7253797158255757 0.027998902003842988 0.033806957373836356
0 0.44400219599231405 0.8363547280744733 0.022783420258029097 0.14110730034296914
0 0.03897886357397749 0.8116119549240568 0.07082075212736755 0.06810387065164135
0 0.4076310732912435 0.6053405193532582 0.01372495196266813 0.09946104850563449
0 0.5185286851496019 0.8929446349828516 0.0587427944002196 0.21215090641842235
0 0.43274773538292616 0.7101910828025477 0.01674444139445512 0.11415972562469377