0 0.33104584133955534 0.6102400783929446 0.005489980785067252 0.02792748652621264
0 0.36824046115838593 0.9769720725134737 0.0293713972001098 0.036256736893679566
0 0.3722206972275597 0.7300342969132778 0.032390886631896786 0.10681038706516413
1 0.14507274224540215 0.7040666340029398 0.12105407631073291 0.025477707006369428
0 0.17677738127916554 0.8963743263106321 0.10266264068075762 0.2023517883390495
0 0.3487510293713972 0.8059774620284175 0.023881416415042548 0.06369426751592357
0 0.06780126269558057 0.7780499755022048 0.13175953884161407 0.0881920627143557
0 0.42849300027449905 0.912297893189613 0.04721383475157837 0.10975012248897599
0 0.3472412846555037 0.6153846153846154 0.02525391161130936 0.021558059774620286
0 0.13409278067526764 0.8072023517883391 0.057370299203952785 0.06124448799608035
0 0.2584408454570409 0.5928466438020578 0.007411474059840791 0.006859382655560999
0 0.3882788910238814 0.6751592356687898 0.018391435629975295 0.05193532582067614
2 0.051056821301125446 0.8865752082312592 0.10211364260225089 0.13081822635962764
0 0.3229481196815811 0.6631553160215581 0.022783420258029097 0.06810387065164135
0 0.3449080428218501 0.637922586967173 0.004666483667307164 0.007839294463498285
0 0.1738951413670052 0.7459578637922587 0.04090035684875103 0.05046545810877021
0 0.22344221795223718 0.664625183733464 0.03184188855339006 0.0583047525722685
0 0.13752401866593467 0.6761391474767271 0.03678287125995059 0.03233708966193043