1 0.2775185286851496 0.7878490935815776 0.09607466373867692 0.036256736893679566
1 0.05009607466373868 0.9816266536011758 0.10019214932747736 0.03184713375796178
0 0.27491078781224265 0.9348358647721705 0.0381553664562174 0.1283684468397844
0 0.31251715618995335 0.7756001959823616 0.06560527038155367 0.14110730034296914
0 0.4208070271754049 0.7062714355707986 0.03952786165248422 0.10436060754532092
1 0.20148229481196817 0.7535521803037727 0.24869612956354653 0.09701126898579128
1 0.48943178698874557 0.9617834394904459 0.2025802909689816 0.0744732974032337
1 0.38429865495470766 0.72562469377756 0.08838869063958277 0.011758941695247428
0 0.4004940982706561 0.6193042626163645 0.019214932747735385 0.06075453209211171
1 0.4673346143288499 0.727829495345419 0.05791929728245951 0.013228809407153356
0 0.3494372769695306 0.6393924546790789 0.04721383475157837 0.13032827045565898