0 0.29398847104035136 0.6384125428711416 0.01976393082624211 0.02939735423811857
2 0.24251990118034586 0.6891229789318961 0.04474334339829811 0.07594316511513964
0 0.2115015097447159 0.5328270455658991 0.00521548174581389 0.008329250367466928
1 0.2304419434531979 0.8157765801077903 0.45978589074938236 0.08917197452229299
0 0.3520450178424375 0.624938755512004 0.02003842986549547 0.029887310142087214
0 0.5487235794674719 0.897844194022538 0.11913258303595937 0.1739343459088682
0 0.21452099917650289 0.953454189122979 0.02333241833653582 0.08623223909848114
0 0.2152072467746363 0.5431161195492406 0.0032939884710403516 0.007349338559529643
0 0.4323359868240461 0.7226849583537481 0.10595662915179797 0.16266536011758942
0 0.3230853692012078 0.6874081332680059 0.01372495196266813 0.08917197452229299
0 0.35369201207795775 0.6531112199902008 0.010705462530881142 0.02449779519843214
0 0.20381553664562174 0.5727584517393435 0.007960472138347515 0.011758941695247428