0 0.15728794949217678 0.7035766780989711 0.045566840516058194 0.04311611954924057
0 0.347104035135877 0.60828025477707 0.007411474059840791 0.021068103870651642
0 0.2972824595113917 0.7138657520823126 0.017018940433708482 0.023517883390494855
0 0.2233049684326105 0.7506124448799608 0.10732912434806478 0.14306712395884372
0 0.4214932747735383 0.8890249877511024 0.024430414493549272 0.21999020088192062
2 0.08550645072742245 0.8270455658990691 0.17046390337633818 0.2048015678588927
0 0.3108701619544332 0.6438020578147967 0.04144935492725776 0.05879470847623714
1 0.2561076036233873 0.938265556099951 0.5122152072467746 0.12150906418422341
0 0.2194619818830634 0.643312101910828 0.05791929728245951 0.07055365017148457
1 0.2615975844084546 0.5720235178833905 0.021959923140269007 0.021068103870651642
0 0.32267362064232774 0.7817246447819696 0.09799615701345045 0.25036746692797646
0 0.3553390063134779 0.8390494855463009 0.04309634916277793 0.1386575208231259
0 0.43288498490255284 0.6901028907398334 0.0587427944002196 0.18471337579617833