0 0.23054794520547944 0.7930528375733855 0.015616438356164384 0.03913894324853229
0 0.42191780821917807 0.8153131115459883 0.03890410958904109 0.3693737769080235
0 0.18301369863013697 0.6636497064579256 0.06684931506849315 0.05626223091976516
1 0.23876712328767125 0.8627690802348337 0.3504109589041096 0.03767123287671233
1 0.4852054794520548 0.8703522504892368 0.13863013698630136 0.03131115459882583
0 0.413013698630137 0.548679060665362 0.010136986301369864 0.01223091976516634
0 0.2708219178082192 0.7076810176125244 0.06547945205479452 0.09735812133072407
0 0.3854794520547945 0.6051859099804305 0.009863013698630137 0.046966731898238745
0 0.2635616438356164 0.6020058708414873 0.09808219178082192 0.06409001956947162
0 0.42164383561643837 0.5743639921722113 0.009863013698630137 0.018590998043052837
0 0.420958904109589 0.6044520547945206 0.011232876712328766 0.018101761252446183
0 0.11082191780821918 0.7541585127201565 0.04465753424657534 0.04452054794520548
0 0.3989041095890411 0.5557729941291585 0.004931506849315068 0.03228962818003914