0 0.27189129838045567 0.5916217540421362 0.05133132034037881 0.04556589906908378
0 0.20065879769420808 0.6553160215580598 0.06917375789184738 0.07986281234688879
2 0.409140818007137 0.8096521313081823 0.07219324732363437 0.37481626653601174
0 0.3086741696404063 0.6170994610485057 0.011803458687894593 0.023027927486526212
0 0.2510293713972001 0.6278784909358158 0.015097447158934943 0.026947574718275354
1 0.3214383749656876 0.5913767760901519 0.016469942355201758 0.010779029887310143
0 0.34257480098819654 0.6068103870651641 0.02305791929728246 0.06124448799608035
0 0.19283557507548724 0.916217540421362 0.06395827614603349 0.15286624203821655
0 0.25363711227010705 0.801812836844684 0.04940982706560527 0.09750122488975992
0 0.30057644798243205 0.6979421852033317 0.04611583859456492 0.11513963743263106
0 0.08344770793302224 0.7782949534541891 0.1652484216305243 0.17001469867711905
0 0.134367279714521 0.8645271925526703 0.16716991490529784 0.2640862322390985