0 0.36164383561643837 0.6029843444227005 0.0263013698630137 0.09540117416829745
1 0.4115068493150685 0.5968688845401174 0.0263013698630137 0.018590998043052837
0 0.09698630136986301 0.75073385518591 0.10246575342465754 0.09050880626223091
0 0.4002739726027397 0.562866927592955 0.019726027397260273 0.01908023483365949
0 0.3456164383561644 0.553082191780822 0.021095890410958905 0.021037181996086105
0 0.3271232876712329 0.7443737769080235 0.043835616438356165 0.18737769080234834
0 0.10095890410958903 0.7157534246575342 0.053972602739726025 0.0410958904109589
0 0.23424657534246576 0.6203522504892368 0.08 0.07534246575342465
0 0.0263013698630137 0.8187377690802349 0.049315068493150684 0.05039138943248532
0 0.42383561643835616 0.6695205479452054 0.022465753424657533 0.04256360078277886
0 0.033287671232876716 0.74779843444227 0.06657534246575343 0.04452054794520548
0 0.3306849315068493 0.9021526418786693 0.030136986301369864 0.18590998043052837