2 0.51 0.8199608610567515 0.11150684931506849 0.34833659491193736
0 0.3749315068493151 0.6191291585127201 0.01780821917808219 0.030821917808219176
1 0.3552054794520548 0.5985812133072407 0.14383561643835616 0.02299412915851272
0 0.2547945205479452 0.6494618395303327 0.07178082191780821 0.05626223091976516
0 0.29753424657534244 0.6325831702544031 0.041643835616438356 0.03131115459882583
0 0.056164383561643834 0.9530332681017613 0.04438356164383562 0.07534246575342465
0 0.40794520547945207 0.6382093933463796 0.00821917808219178 0.062133072407045006
0 0.1447945205479452 0.8321917808219178 0.09068493150684931 0.14285714285714285
0 0.10890410958904109 0.7842465753424658 0.034794520547945205 0.053816046966731895
0 0.16547945205479453 0.687133072407045 0.0136986301369863 0.01908023483365949
0 0.3591780821917808 0.7113502935420744 0.05589041095890411 0.13013698630136986
0 0.4104109589041096 0.5878180039138943 0.019178082191780823 0.024951076320939333
0 0.34671232876712327 0.5968688845401174 0.02054794520547945 0.04207436399217221
0 0.03780821917808219 0.87206457925636 0.07068493150684932 0.11986301369863013
2 0.44945205479452055 0.6037181996086106 0.05123287671232877 0.08610567514677103
0 0.24273972602739727 0.8072407045009785 0.046027397260273974 0.06947162426614481
0 0.3795890410958904 0.5836594911937377 0.01726027397260274 0.026418786692759294
0 0.4384931506849315 0.6572896281800391 0.012328767123287671 0.026908023483365948
0 0.16136986301369863 0.714041095890411 0.01589041095890411 0.02299412915851272
0 0.14712328767123287 0.9222113502935421 0.06136986301369863 0.13209393346379647