0 0.4182191780821918 0.788160469667319 0.04794520547945205 0.26614481409001955
0 0.46356164383561643 0.8603228962818004 0.03726027397260274 0.2744618395303327
0 0.3847945205479452 0.863013698630137 0.029863013698630137 0.053816046966731895
1 0.343972602739726 0.7103718199608611 0.27643835616438356 0.023483365949119372
0 0.22424657534246575 0.6829745596868885 0.07753424657534247 0.07632093933463796
1 0.3493150684931507 0.625 0.042739726027397264 0.01614481409001957
0 0.06698630136986301 0.7292074363992173 0.1241095890410959 0.07093933463796477
0 0.15273972602739727 0.6619373776908023 0.08136986301369863 0.057729941291585124
0 0.039863013698630136 0.7901174168297456 0.07972602739726027 0.05185909980430528
1 0.3454794520547945 0.6526418786692759 0.22794520547945205 0.02446183953033268
0 0.35383561643835615 0.7715264187866928 0.034794520547945205 0.2035225048923679
0 0.056027397260273976 0.9779843444227005 0.024383561643835615 0.040117416829745595
0 0.2491780821917808 0.8894324853228963 0.04082191780821918 0.04794520547945205
0 0.37397260273972605 0.6296477495107632 0.021369863013698632 0.04500978473581213
0 0.4228767123287671 0.6741682974559687 0.026575342465753424 0.0958904109589041
0 0.5020547945205479 0.7969667318982387 0.04465753424657534 0.17123287671232876