0 0.3989041095890411 0.687866927592955 0.00821917808219178 0.036203522504892366
0 0.39657534246575343 0.601761252446184 0.00904109589041096 0.01761252446183953
0 0.4828767123287671 0.9354207436399217 0.03917808219178082 0.12426614481409001
0 0.43616438356164383 0.7725048923679061 0.042739726027397264 0.19471624266144813
2 0.2815068493150685 0.6707436399217221 0.06986301369863014 0.04794520547945205
0 0.3910958904109589 0.6205968688845401 0.008493150684931507 0.01223091976516634
0 0.36164383561643837 0.6032289628180039 0.0032876712328767125 0.012720156555772993
0 0.24397260273972604 0.7536692759295499 0.07643835616438356 0.10322896281800391
0 0.17904109589041095 0.8882093933463796 0.0736986301369863 0.13747553816046967
0 0.40657534246575344 0.6428571428571429 0.014794520547945205 0.03424657534246575
0 0.31904109589041096 0.6135029354207436 0.013972602739726028 0.025440313111545987