0 0.39301369863013697 0.8811154598825832 0.01452054794520548 0.0949119373776908
0 0.2926027397260274 0.8527397260273972 0.03397260273972603 0.1350293542074364
0 0.2895890410958904 0.7363013698630136 0.03232876712328767 0.07925636007827788
0 0.2516438356164384 0.8524951076320939 0.011232876712328766 0.06800391389432485
0 0.3910958904109589 0.7057240704500979 0.021095890410958905 0.0611545988258317
1 0.22 0.7081702544031311 0.14794520547945206 0.03571428571428571
0 0.3763013698630137 0.9789628180039139 0.04794520547945205 0.03718199608610567
0 0.10219178082191781 0.7544031311154599 0.06794520547945206 0.06164383561643835
0 0.23835616438356164 0.7600293542074364 0.04876712328767123 0.09735812133072407
0 0.3647945205479452 0.7703033268101761 0.01452054794520548 0.12181996086105674
0 0.12123287671232877 0.7862035225048923 0.053972602739726025 0.07338551859099804
0 0.054383561643835614 0.8458904109589042 0.09068493150684931 0.0812133072407045
2 0.4156164383561644 0.610812133072407 0.05589041095890411 0.10029354207436399
0 0.31123287671232874 0.9454500978473581 0.10301369863013699 0.10420743639921722
1 0.3841095890410959 0.6846868884540117 0.20821917808219179 0.041585127201565555
2 0.4904109589041096 0.9168297455968689 0.1578082191780822 0.16536203522504891