0 0.3108701619544332 0.6602155805977462 0.03980236069173758 0.06222439980401764
0 0.5105682130112544 0.8074473297403234 0.08344770793302224 0.23125918667319942
1 0.30263519077683226 0.7065164135227829 0.2034037880867417 0.06761391474767271
1 0.290694482569311 0.7552670259676629 0.23332418336535823 0.04654581087702107
0 0.6844633543782597 0.8013228809407154 0.08097721657974197 0.11317981381675649
1 0.42986549547076586 0.8388045075943165 0.21246225638210267 0.05389514943655071
0 0.8455942904199836 0.9576188143067124 0.03046939335712325 0.04654581087702107
1 0.2858907493823772 0.6435570798628123 0.027724402964589626 0.028907398334149927
0 0.2297556958550645 0.6457618814306713 0.04831183090859182 0.04409603135717785
0 0.28959648641229757 0.6092601665850074 0.03842986549547077 0.03478686918177364
1 0.28053801811693657 0.8733463988241058 0.5396651111721109 0.1259186673199412