0 0.538082191780822 0.9121819960861057 0.012054794520547946 0.05136986301369863
1 0.36246575342465753 0.9319960861056752 0.043835616438356165 0.0136986301369863
0 0.4515068493150685 0.7588062622309197 0.0273972602739726 0.08904109589041095
1 0.3552054794520548 0.7514677103718199 0.06219178082191781 0.02054794520547945
0 0.43547945205479455 0.6179060665362035 0.011232876712328766 0.11252446183953033
0 0.4912328767123288 0.8400195694716243 0.060821917808219175 0.08512720156555773
0 0.4775342465753425 0.7091487279843445 0.01643835616438356 0.0611545988258317
0 0.41054794520547944 0.7081702544031311 0.04794520547945205 0.06604696673189824
0 0.3532876712328767 0.7262720156555773 0.029315068493150687 0.026908023483365948
0 0.34054794520547943 0.9655088062622309 0.014246575342465753 0.06506849315068493
0 0.4193150684931507 0.8625244618395304 0.0747945205479452 0.12524461839530332
0 0.3119178082191781 0.7950097847358122 0.028219178082191782 0.060665362035225046