2 0.3920547945205479 0.6431017612524462 0.01643835616438356 0.026908023483365948
0 0.2873972602739726 0.5804794520547946 0.01315068493150685 0.014187866927592954
0 0.26602739726027397 0.6012720156555773 0.01643835616438356 0.023483365949119372
0 0.38616438356164384 0.5609099804305284 0.024383561643835615 0.04060665362035225
2 0.13013698630136986 0.916095890410959 0.1632876712328767 0.16291585127201566
1 0.2841095890410959 0.6604696673189824 0.20876712328767122 0.022504892367906065
0 0.3234246575342466 0.6159491193737769 0.011780821917808219 0.022504892367906065
0 0.23342465753424657 0.7636986301369864 0.08383561643835616 0.1350293542074364
0 0.28328767123287674 0.6382093933463796 0.03287671232876712 0.04354207436399217
0 0.3508219178082192 0.7404598825831703 0.021643835616438355 0.10714285714285714
0 0.3080821917808219 0.6709882583170255 0.01780821917808219 0.031800391389432484
0 0.30219178082191783 0.5733855185909981 0.012602739726027398 0.011741682974559686
0 0.23013698630136986 0.6795499021526419 0.010410958904109589 0.029354207436399216
0 0.3763013698630137 0.6824853228962818 0.016712328767123287 0.030332681017612523