2 0.3961021136426022 0.6141597256246938 0.026351907768322812 0.12199902008819206
1 0.3912983804556684 0.7719255267025967 0.061213285753499866 0.03282704556589907
0 0.28685149601976395 0.7153356197942186 0.08674169640406258 0.157765801077903
1 0.3641229755695855 0.8574228319451249 0.061213285753499866 0.07643312101910828
1 0.22371671699149054 0.7361587457128859 0.07850672522646171 0.043606075453209214
0 0.37112270107054623 0.5489955903968643 0.022508921218775735 0.05536501714845664
0 0.11021136426022508 0.7648211660950515 0.16991490529783146 0.17834394904458598
2 0.2909689816085644 0.5881920627143558 0.037331869338457314 0.04752572268495835
2 0.3328300850947022 0.5906418422341989 0.05023332418336536 0.07006369426751592
2 0.37633818281636017 0.7089661930426262 0.032939884710403516 0.09799118079372857
0 0.23538292615975845 0.6450269475747182 0.07384024155915454 0.07300342969132778