0 0.16771891298380456 0.8172464478196962 0.04666483667307164 0.06957373836354729
0 0.06999725500960746 0.8753062224399804 0.13560252539116113 0.15727584517393434
2 0.44688443590447435 0.7378735913767761 0.14273950041174857 0.25477707006369427
0 0.3995333516332693 0.6063204311611955 0.01564644523744167 0.043606075453209214
1 0.2561076036233873 0.7694757471827536 0.08783969256107603 0.021068103870651642
0 0.577545978589075 0.849093581577658 0.03129289047488334 0.057814796668299855
0 0.22124622563821025 0.6918177364037237 0.008783969256107603 0.014698677119059285
0 0.4383749656876201 0.5894169524742773 0.017018940433708482 0.030377266046055854
1 0.2172659895690365 0.7684958353748162 0.07658523195168816 0.03576678098971093
0 0.3494372769695306 0.7535521803037727 0.030194894317869887 0.057814796668299855
1 0.29618446335437826 0.7207251347378736 0.11144660993686523 0.036256736893679566
1 0.23634367279714522 0.7013718765311122 0.2810870161954433 0.0514453699167075
0 0.4843535547625583 0.6156295933365997 0.006862475981334065 0.020088192062714356
1 0.32486961295635464 0.6678098971092602 0.09415317046390338 0.02253797158255757
1 0.18748284381004665 0.6822635962763351 0.07960472138347516 0.008329250367466928
0 0.5833104584133956 0.930671239588437 0.05544880592917925 0.12983831455169034
0 0.20807027175404885 0.7219500244977952 0.0653307713423003 0.0514453699167075