0 0.2252054794520548 0.8451565557729941 0.06356164383561644 0.1404109589041096
1 0.46287671232876715 0.8715753424657534 0.08356164383561644 0.05724070450097847
0 0.17191780821917807 0.7057240704500979 0.05342465753424658 0.03962818003913894
0 0.44575342465753426 0.687866927592955 0.01315068493150685 0.040117416829745595
1 0.20424657534246576 0.7081702544031311 0.07424657534246576 0.02299412915851272
1 0.3463013698630137 0.5887964774951077 0.019726027397260273 0.008317025440313111
0 0.3868493150684931 0.6284246575342466 0.014246575342465753 0.027886497064579255
1 0.44753424657534246 0.7240704500978473 0.05780821917808219 0.029354207436399216
1 0.3613698630136986 0.6834637964774951 0.13205479452054794 0.046966731898238745
1 0.41986301369863016 0.613013698630137 0.031506849315068496 0.018590998043052837
0 0.5167123287671233 0.9430039138943248 0.03232876712328767 0.10420743639921722
0 0.37643835616438354 0.8938356164383562 0.02958904109589041 0.2054794520547945
0 0.2691780821917808 0.7443737769080235 0.05452054794520548 0.08170254403131115
0 0.42356164383561645 0.7972113502935421 0.0410958904109589 0.1012720156555773
1 0.35424657534246573 0.7703033268101761 0.06410958904109589 0.01614481409001957
1 0.15273972602739727 0.7678571428571429 0.1652054794520548 0.07289628180039139
1 0.26616438356164385 0.6560665362035225 0.22767123287671232 0.03131115459882583
1 0.2421917808219178 0.6861545988258317 0.10465753424657534 0.013209393346379647