0 0.41 0.5772994129158513 0.00904109589041096 0.022504892367906065
0 0.4128767123287671 0.550146771037182 0.004383561643835616 0.01614481409001957
0 0.30876712328767125 0.5711839530332681 0.030136986301369864 0.02984344422700587
2 0.05986301369863014 0.8138454011741683 0.11972602739726028 0.14530332681017613
0 0.35753424657534244 0.7487769080234834 0.014246575342465753 0.015166340508806261
1 0.4363013698630137 0.6198630136986302 0.04082191780821918 0.011741682974559686
0 0.38753424657534247 0.5792563600782779 0.009589041095890411 0.022504892367906065
0 0.43246575342465754 0.7172211350293543 0.04246575342465753 0.10665362035225048
0 0.38465753424657534 0.541095890410959 0.006575342465753425 0.010763209393346379
0 0.5052054794520547 0.7685909980430529 0.020821917808219178 0.06653620352250489
0 0.4284931506849315 0.8065068493150684 0.016986301369863014 0.08170254403131115
2 0.2078082191780822 0.6599804305283757 0.17068493150684932 0.16634050880626222
0 0.4727397260273973 0.9515655577299413 0.02054794520547945 0.09001956947162426
0 0.1958904109589041 0.8850293542074364 0.04657534246575343 0.07729941291585127
0 0.3552054794520548 0.5538160469667319 0.012876712328767123 0.019569471624266144
0 0.410958904109589 0.6232876712328768 0.012054794520547946 0.04207436399217221