0 0.4479824320614878 0.6308182263596276 0.014273950041174856 0.021068103870651642
0 0.22810870161954433 0.6656050955414012 0.04337084820203129 0.043606075453209214
0 0.3950041174855888 0.622733953944145 0.015371946198188307 0.03821656050955414
0 0.18830634092780676 0.8574228319451249 0.03513587702443041 0.07055365017148457
0 0.390612132857535 0.582312591866732 0.009332967334614329 0.015188633023027927
2 0.4516881690914082 0.8836354728074474 0.12050507823222618 0.23272905438510533
0 0.4267087565193522 0.6979421852033317 0.03870436453472413 0.1386575208231259
0 0.10595662915179797 0.7361587457128859 0.05325281361515235 0.06712395884370406
0 0.40296458962393633 0.5668789808917197 0.0076859730990941535 0.02645761881430671
1 0.14781773263793577 0.7951984321411073 0.11995608015371946 0.04703576678098971
0 0.11103486137798518 0.9000489955903969 0.10732912434806478 0.1901028907398334
0 0.2201482294811968 0.871141597256247 0.10540763107329125 0.23125918667319942
0 0.25706835026077407 0.6648701616854483 0.012901454844908043 0.035276825085742286
1 0.17828712599505903 0.6893679568838804 0.0381553664562174 0.01567858892699657
0 0.5496843261048586 0.8287604115629593 0.034312379906670326 0.0720235178833905