0 0.4284931506849315 0.6766144814090019 0.028493150684931506 0.11741682974559686
1 0.3798630136986301 0.6181506849315068 0.14986301369863014 0.011252446183953033
1 0.5163013698630137 0.7950097847358122 0.03917808219178082 0.019569471624266144
0 0.43753424657534246 0.5567514677103719 0.009315068493150684 0.03816046966731898
0 0.4858904109589041 0.8945694716242661 0.051780821917808216 0.2089041095890411
0 0.2873972602739726 0.7069471624266145 0.0526027397260274 0.0821917808219178
1 0.3921917808219178 0.6005381604696673 0.03424657534246575 0.03571428571428571
0 0.2943835616438356 0.5878180039138943 0.03095890410958904 0.024951076320939333
0 0.34712328767123285 0.7402152641878669 0.07616438356164383 0.06653620352250489
0 0.27150684931506847 0.6125244618395304 0.014246575342465753 0.010763209393346379
0 0.45123287671232876 0.7725048923679061 0.020273972602739727 0.11937377690802348
0 0.3180821917808219 0.6034735812133072 0.02684931506849315 0.02592954990215264
1 0.28643835616438357 0.6440802348336595 0.04136986301369863 0.0474559686888454
0 0.33136986301369864 0.6428571428571429 0.023287671232876714 0.03424657534246575
0 0.40835616438356165 0.5976027397260274 0.003561643835616438 0.010273972602739725
0 0.3989041095890411 0.575587084148728 0.01315068493150685 0.023972602739726026
0 0.3920547945205479 0.6656066536203522 0.030684931506849315 0.08659491193737769
0 0.4343835616438356 0.6059197651663405 0.015068493150684932 0.021037181996086105
1 0.36534246575342466 0.6286692759295499 0.02273972602739726 0.014677103718199608
0 0.2052054794520548 0.8400195694716243 0.09315068493150686 0.15557729941291584