2 0.40616438356164386 0.5618884540117417 0.029863013698630137 0.06898238747553816
0 0.2824657534246575 0.6514187866927593 0.05589041095890411 0.08561643835616438
0 0.40356164383561643 0.887720156555773 0.021917808219178082 0.21868884540117417
0 0.42726027397260274 0.8297455968688845 0.034794520547945205 0.3405088062622309
0 0.3728767123287671 0.8228962818003914 0.03178082191780822 0.3542074363992172
0 0.14232876712328768 0.9659980430528375 0.03534246575342466 0.06311154598825831
0 0.3254794520547945 0.601761252446184 0.016986301369863014 0.029354207436399216
0 0.48698630136986304 0.9395792563600783 0.02219178082191781 0.052348336594911934
0 0.41493150684931507 0.6289138943248532 0.023287671232876714 0.062133072407045006
2 0.3315068493150685 0.5645792563600783 0.041643835616438356 0.03424657534246575
0 0.3893150684931507 0.6208414872798435 0.015342465753424657 0.05283757338551859
0 0.23397260273972603 0.735078277886497 0.0263013698630137 0.05626223091976516
0 0.16657534246575342 0.8427103718199609 0.07616438356164383 0.16193737769080235
0 0.33013698630136984 0.5836594911937377 0.10904109589041096 0.021526418786692758