0 0.39657534246575343 0.5990704500978473 0.013972602739726028 0.05430528375733855
0 0.3626027397260274 0.8647260273972602 0.04410958904109589 0.17954990215264188
0 0.45301369863013696 0.6120352250489237 0.0073972602739726025 0.033268101761252444
0 0.41205479452054794 0.5726516634050881 0.016986301369863014 0.06017612524461839
0 0.17616438356164382 0.9148727984344422 0.06356164383561644 0.10665362035225048
0 0.403013698630137 0.7284735812133072 0.03671232876712329 0.16731898238747553
0 0.47178082191780824 0.6342954990215264 0.014794520547945205 0.04256360078277886
0 0.42904109589041095 0.6908023483365949 0.01315068493150685 0.018590998043052837
0 0.32958904109589043 0.6225538160469667 0.03616438356164384 0.05626223091976516
0 0.2632876712328767 0.7404598825831703 0.05589041095890411 0.09246575342465753
1 0.3082191780821918 0.9750489236790607 0.06301369863013699 0.04598825831702544
0 0.32602739726027397 0.761252446183953 0.022465753424657533 0.0410958904109589
0 0.37465753424657533 0.6264677103718199 0.026027397260273973 0.04354207436399217
0 0.4501369863013699 0.8845401174168297 0.020821917808219178 0.17221135029354206
0 0.34712328767123285 0.6749021526418787 0.022465753424657533 0.07876712328767123
0 0.4724657534246575 0.7977005870841487 0.019452054794520546 0.03669275929549902
0 0.5810958904109589 0.87793542074364 0.0663013698630137 0.16193737769080235
0 0.33356164383561643 0.849559686888454 0.015068493150684932 0.024951076320939333