1 0.26602739726027397 0.8358610567514677 0.5298630136986301 0.034735812133072405
0 0.4071232876712329 0.6000489236790607 0.007123287671232876 0.011252446183953033
0 0.1326027397260274 0.9290606653620352 0.08602739726027397 0.136986301369863
2 0.5241095890410958 0.7788649706457925 0.05698630136986301 0.10176125244618395
0 0.4189041095890411 0.5990704500978473 0.004383561643835616 0.008317025440313111
0 0.39493150684931505 0.5870841487279843 0.008493150684931507 0.008806262230919765
0 0.4005479452054794 0.5393835616438356 0.010410958904109589 0.017123287671232876
2 0.5576712328767123 0.8752446183953033 0.04191780821917808 0.09295499021526418
0 0.3958904109589041 0.5976027397260274 0.007123287671232876 0.008317025440313111
0 0.46164383561643835 0.6788160469667319 0.01589041095890411 0.014187866927592954
0 0.4047945205479452 0.5731409001956947 0.00684931506849315 0.015166340508806261