0 0.30812517156189956 0.5845173934345909 0.018391435629975295 0.021558059774620286
0 0.37249519626681304 0.554875061244488 0.0060389788635739775 0.014208721215090642
1 0.3273401043096349 0.7827045565899069 0.25720559978040075 0.06810387065164135
0 0.09525116662091683 0.7550220480156786 0.1828163601427395 0.15580597746202843
1 0.3976118583584957 0.6038706516413522 0.06395827614603349 0.02792748652621264
0 0.06135053527312655 0.9132778049975502 0.12050507823222618 0.14208721215090642
0 0.47255009607466375 0.868936795688388 0.04693933571232501 0.09750122488975992
0 0.1660719187482844 0.7760901518863302 0.05709580016469942 0.06859382655561
0 0.24101015646445237 0.6435570798628123 0.1108976118583585 0.11121999020088193
0 0.03197913807301674 0.9892209701126898 0.022783420258029097 0.021558059774620286
1 0.3414768048311831 0.8383145516903479 0.2865769969805106 0.041156295933366
0 0.3508097721657974 0.5399314061734444 0.0043919846280538015 0.007839294463498285
0 0.42643425748009883 0.6391474767270946 0.01564644523744167 0.05046545810877021
1 0.09978040076859732 0.8427241548260657 0.19791380730167443 0.07937285644292014