0 0.03650837222069723 0.8797158255756982 0.0631347790282734 0.06810387065164135
1 0.35437825967609116 0.6163645271925526 0.027998902003842988 0.007839294463498285
0 0.21918748284381004 0.6665850073493386 0.07548723579467471 0.07790298873101421
0 0.38237716167993413 0.5813326800587947 0.015371946198188307 0.05438510534051935
0 0.40557233049684327 0.8326800587947085 0.010705462530881142 0.04262616364527193
1 0.39390612132857533 0.6670749632533072 0.034037880867416964 0.01224889759921607
1 0.34161405435080977 0.6393924546790789 0.05517430688992588 0.012738853503184714
1 0.16497392259127094 0.7520823125918668 0.15207246774636288 0.05977462028417443
1 0.36178973373593193 0.7261146496815286 0.10211364260225089 0.03135717785399314
0 0.37235794674718636 0.6607055365017148 0.009607466373867692 0.0171484566389025
0 0.35671150150974473 0.5492405683488486 0.01784243755146857 0.03135717785399314
0 0.2688718089486687 0.6224889759921607 0.011254460609387867 0.026947574718275354
1 0.3077134230030195 0.698187163155316 0.1174855888004392 0.054875061244487995
0 0.3727696953060664 0.6207741303282704 0.0076859730990941535 0.034296913277805
0 0.12448531430139995 0.7143557079862812 0.05517430688992588 0.048015678588927
1 0.43192423826516607 0.6624203821656051 0.027724402964589626 0.005879470847623714
0 0.3090859181992863 0.5791278784909358 0.048860828987098544 0.06663400293973543
1 0.3933571232500686 0.643312101910828 0.034037880867416964 0.014698677119059285
0 0.4223167718912984 0.6036256736893679 0.012352456766401317 0.05585497305242528
0 0.040763107329124346 0.7773150416462519 0.07987922042272852 0.06222439980401764
0 0.41449354927257753 0.6800587947084762 0.006587976942080703 0.06565409113179814