0 0.1027998902003843 0.7694757471827536 0.02113642602250892 0.044585987261146494
0 0.3981608564370025 0.6972072513473787 0.014548449080428218 0.06467417932386085
0 0.4353554762558331 0.9130328270455659 0.01152895964864123 0.056344928956393925
0 0.4197090310183914 0.6957373836354728 0.02305791929728246 0.09995100440960314
0 0.3903376338182816 0.5930916217540422 0.004940982706560527 0.02596766291033807
0 0.3862201482294812 0.6080352768250857 0.01152895964864123 0.02645761881430671
0 0.45909964315124896 0.964233219010289 0.020587427944002194 0.057814796668299855
0 0.4066703266538567 0.5482606565409113 0.004666483667307164 0.012738853503184714
0 0.3934943727696953 0.8694267515923567 0.026077408729069447 0.2562469377756002
0 0.40214109250617625 0.5269475747182754 0.0043919846280538015 0.01224889759921607
0 0.3980236069173758 0.555609995100441 0.008783969256107603 0.03331700146986771
1 0.41380730167444413 0.623468887800098 0.014548449080428218 0.01224889759921607
0 0.1497392259127093 0.7138657520823126 0.010705462530881142 0.023517883390494855
0 0.013999451001921494 0.8650171484566389 0.026900905846829536 0.043606075453209214
0 0.41435629975295085 0.5783929446349828 0.013450452923414768 0.03674669279764821