0 0.4047945205479452 0.5276418786692759 0.003561643835616438 0.008317025440313111
1 0.40835616438356165 0.5398727984344422 0.02 0.007338551859099804
0 0.2875342465753425 0.5919765166340509 0.07260273972602739 0.05185909980430528
0 0.41164383561643836 0.5909980430528375 0.008493150684931507 0.02837573385518591
0 0.4465753424657534 0.8089530332681018 0.08493150684931507 0.3801369863013699
0 0.0410958904109589 0.7820450097847358 0.08109589041095891 0.06506849315068493
0 0.4106849315068493 0.5557729941291585 0.004931506849315068 0.00684931506849315
0 0.3967123287671233 0.5220156555772995 0.007671232876712329 0.012720156555772993
0 0.30068493150684933 0.9608610567514677 0.02054794520547945 0.07436399217221135
0 0.36013698630136987 0.5560176125244618 0.013424657534246575 0.018101761252446183
0 0.15534246575342467 0.6905577299412916 0.1506849315068493 0.11790606653620352