0 0.4365907219324732 0.6442920137187653 0.008509470216854241 0.036256736893679566
0 0.38374965687620094 0.5935815776580108 0.006587976942080703 0.0171484566389025
0 0.3753774361789734 0.9546790788829005 0.024430414493549272 0.09064184223419892
0 0.18556135053527312 0.8302302792748653 0.22893219873730442 0.3375796178343949
0 0.4208070271754049 0.5717785399314061 0.007136975020587428 0.02253797158255757
0 0.3988471040351359 0.848358647721705 0.02744990392533626 0.3032827045565899
0 0.443590447433434 0.8623223909848113 0.01976393082624211 0.11954924056834886
0 0.39733735931924236 0.6315531602155806 0.027724402964589626 0.06369426751592357
0 0.4236892670875652 0.6180793728564429 0.017293439472961844 0.06222439980401764
0 0.3649464726873456 0.6803037726604606 0.02827340104309635 0.17197452229299362
0 0.4383749656876201 0.7048015678588927 0.017018940433708482 0.044585987261146494
0 0.4654131210540763 0.7724154826065655 0.010705462530881142 0.09750122488975992
0 0.3484765303321438 0.7961783439490446 0.05572330496843261 0.2175404213620774
0 0.17046390337633818 0.7511024007839294 0.027998902003842988 0.034296913277805
0 0.24251990118034586 0.658500734933856 0.15289596486412296 0.13522782949534543