1 0.3783969256107604 0.6795688388045076 0.16497392259127094 0.02449779519843214
0 0.16113093604172385 0.6864282214600685 0.037331869338457314 0.039196472317491425
0 0.3119681581114466 0.5485056344928957 0.009607466373867692 0.07006369426751592
0 0.3899258852594016 0.6761391474767271 0.020587427944002194 0.08133268005879471
2 0.32473236343672796 0.5470357667809898 0.014273950041174856 0.056344928956393925
2 0.296733461432885 0.6386575208231259 0.05544880592917925 0.10828025477707007
0 0.21012901454844907 0.621264086232239 0.07054625308811419 0.082312591866732
0 0.47982432061487784 0.7300342969132778 0.032939884710403516 0.07937285644292014
2 0.377710678012627 0.5999510044096031 0.032939884710403516 0.07496325330720235
0 0.2731265440570958 0.5436060754532092 0.006587976942080703 0.024987751102400785
0 0.40790557233049685 0.8030377266046056 0.048860828987098544 0.1773640372366487
0 0.08180071369750205 0.8118569328760411 0.15811144660993687 0.1901028907398334
0 0.13958276146033488 0.6876531112199902 0.03870436453472413 0.043606075453209214
2 0.3562997529508647 0.5453209211170995 0.02086192698325556 0.028417442430181284