0 0.4567664013175954 0.9693777560019599 0.014273950041174856 0.0514453699167075
0 0.42478726324457866 0.6425771680548751 0.022783420258029097 0.06810387065164135
0 0.4647268734559429 0.6499265066144047 0.04337084820203129 0.09652131308182263
0 0.4294537469118858 0.5859872611464968 0.007411474059840791 0.025477707006369428
0 0.31169365907219326 0.690592846643802 0.012352456766401317 0.04556589906908378
0 0.22344221795223718 0.6533561979421852 0.03568487510293714 0.033806957373836356
0 0.384161405435081 0.7148456638902498 0.019489431786988747 0.04507594316511514
0 0.16099368652209717 0.7099461048505634 0.09195717814987647 0.08133268005879471
0 0.409140818007137 0.5948064674179324 0.005764479824320615 0.019598236158745713
0 0.04982157562448532 0.7809897109260167 0.08701619544331594 0.07545320921117099
0 0.2744990392533626 0.6102400783929446 0.017018940433708482 0.020088192062714356