1 0.3661643835616438 0.5922211350293543 0.09013698630136986 0.011252446183953033
0 0.2932876712328767 0.6492172211350293 0.01726027397260274 0.029354207436399216
0 0.37726027397260276 0.583904109589041 0.0273972602739726 0.03277886497064579
0 0.35863013698630136 0.562866927592955 0.004383561643835616 0.013209393346379647
0 0.32616438356164384 0.5511252446183953 0.008493150684931507 0.004403131115459882
0 0.36835616438356167 0.6364970645792564 0.012328767123287671 0.04892367906066536
1 0.3391780821917808 0.574853228962818 0.020273972602739727 0.010763209393346379
0 0.3389041095890411 0.5545499021526419 0.004931506849315068 0.009295499021526418
0 0.39465753424657535 0.6917808219178082 0.015068493150684932 0.02054794520547945
1 0.34876712328767123 0.5572407045009785 0.014246575342465753 0.005870841487279843
0 0.34986301369863015 0.6707436399217221 0.0136986301369863 0.021526418786692758