0 0.26200933296733464 0.6371876531112199 0.05023332418336536 0.044585987261146494
0 0.462942629700796 0.6540911317981382 0.007411474059840791 0.01567858892699657
0 0.5748009881965414 0.8789808917197452 0.0697227559703541 0.11073003429691328
2 0.40076859730990944 0.5568348848603626 0.018116936590721933 0.04164625183733464
0 0.44139445511940706 0.7586967172954434 0.06478177326379357 0.3473787359137678
0 0.37469118858083994 0.5597746202841745 0.0060389788635739775 0.014208721215090642
0 0.3472412846555037 0.5568348848603626 0.04007685973099094 0.03870651641352278
0 0.44413944551194073 0.6452719255267026 0.01976393082624211 0.020578147966683
0 0.39843535547625586 0.7368936795688388 0.022783420258029097 0.2175404213620774
0 0.41957178149876473 0.5563449289563939 0.011803458687894593 0.03576678098971093
0 0.3391435629975295 0.6050955414012739 0.02003842986549547 0.03331700146986771
0 0.2981059566291518 0.6050955414012739 0.034037880867416964 0.03135717785399314
0 0.5205874279440021 0.8287604115629593 0.05791929728245951 0.1945124938755512
1 0.27847927532253636 0.6901028907398334 0.16167993412023057 0.029887310142087214