3 0.5260869565217392 0.6268115942028986 0.5581521739130435 0.6268115942028986 0.5581521739130435 0.6369565217391305 0.5260869565217392 0.6369565217391305
3 0.546195652173913 0.6014492753623188 0.595108695652174 0.6014492753623188 0.595108695652174 0.613768115942029 0.546195652173913 0.613768115942029
3 0.5461956521739131 0.5405797101449276 0.5668478260869565 0.5405797101449276 0.5668478260869565 0.5456521739130434 0.5461956521739131 0.5456521739130434
3 0.5396739130434782 0.532608695652174 0.5548913043478261 0.532608695652174 0.5548913043478261 0.5369565217391304 0.5396739130434782 0.5369565217391304
3 0.38315217391304346 0.5782608695652174 0.408695652173913 0.5782608695652174 0.408695652173913 0.5869565217391304 0.38315217391304346 0.5869565217391304
3 0.4173913043478261 0.5507246376811594 0.4434782608695652 0.5507246376811594 0.4434782608695652 0.5601449275362318 0.4173913043478261 0.5601449275362318
3 0.4016304347826087 0.5456521739130434 0.4206521739130435 0.5456521739130434 0.4206521739130435 0.553623188405797 0.4016304347826087 0.553623188405797
3 0.42228260869565215 0.5347826086956521 0.4391304347826087 0.5347826086956521 0.4391304347826087 0.5413043478260869 0.42228260869565215 0.5413043478260869
3 0.4369565217391304 0.5304347826086957 0.453804347826087 0.5304347826086957 0.453804347826087 0.536231884057971 0.4369565217391304 0.536231884057971
3 0.41195652173913044 0.5166666666666667 0.4255434782608696 0.5166666666666667 0.4255434782608696 0.522463768115942 0.41195652173913044 0.522463768115942
