3 0.4483695652173913 0.6434782608695652 0.47391304347826085 0.6434782608695652 0.47391304347826085 0.6550724637681159 0.4483695652173913 0.6550724637681159
3 0.3315217391304348 0.6514492753623189 0.35 0.6514492753623189 0.35 0.6644927536231884 0.3315217391304348 0.6644927536231884
3 0.47934782608695653 0.6442028985507247 0.5005434782608695 0.6442028985507247 0.5005434782608695 0.6565217391304348 0.47934782608695653 0.6565217391304348
3 0.25815217391304346 0.6166666666666666 0.2793478260869565 0.6166666666666666 0.2793478260869565 0.6231884057971014 0.25815217391304346 0.6231884057971014
3 0.17065217391304346 0.6355072463768116 0.20271739130434782 0.6355072463768116 0.20271739130434782 0.6456521739130435 0.17065217391304346 0.6456521739130435
3 0.12391304347826086 0.6282608695652174 0.16847826086956522 0.6282608695652174 0.16847826086956522 0.6413043478260869 0.12391304347826086 0.6413043478260869
3 0.09130434782608696 0.6246376811594203 0.10815217391304346 0.6246376811594203 0.10815217391304346 0.6318840579710145 0.09130434782608696 0.6318840579710145
3 0.09565217391304348 0.605072463768116 0.11467391304347826 0.605072463768116 0.11467391304347826 0.6130434782608696 0.09565217391304348 0.6130434782608696
3 0.1576086956521739 0.5833333333333334 0.1766304347826087 0.5833333333333334 0.1766304347826087 0.5891304347826086 0.1576086956521739 0.5891304347826086
3 0.08097826086956522 0.5840579710144927 0.0907608695652174 0.5840579710144927 0.0907608695652174 0.5869565217391305 0.08097826086956522 0.5869565217391305
