3 0.48858695652173917 0.6710144927536231 0.5222826086956522 0.6710144927536231 0.5222826086956522 0.6847826086956522 0.48858695652173917 0.6847826086956522
3 0.5277173913043478 0.6746376811594204 0.5548913043478261 0.6746376811594204 0.5548913043478261 0.6869565217391305 0.5277173913043478 0.6869565217391305
3 0.34456521739130436 0.6782608695652174 0.37336956521739134 0.6782608695652174 0.37336956521739134 0.6942028985507246 0.34456521739130436 0.6942028985507246
3 0.2760869565217391 0.6260869565217391 0.3005434782608696 0.6260869565217391 0.3005434782608696 0.6333333333333333 0.2760869565217391 0.6333333333333333
3 0.17717391304347826 0.6492753623188405 0.20869565217391303 0.6492753623188405 0.20869565217391303 0.6601449275362319 0.17717391304347826 0.6601449275362319
3 0.1326086956521739 0.6369565217391304 0.17717391304347826 0.6369565217391304 0.17717391304347826 0.653623188405797 0.1326086956521739 0.653623188405797
3 0.1 0.6347826086956522 0.11684782608695651 0.6347826086956522 0.11684782608695651 0.6391304347826087 0.1 0.6391304347826087
3 0.11304347826086956 0.6094202898550725 0.13152173913043477 0.6094202898550725 0.13152173913043477 0.6166666666666667 0.11304347826086956 0.6166666666666667
3 0.1815217391304348 0.5847826086956522 0.2048913043478261 0.5847826086956522 0.2048913043478261 0.5891304347826087 0.1815217391304348 0.5891304347826087
3 0.10815217391304348 0.5840579710144927 0.11684782608695653 0.5840579710144927 0.11684782608695653 0.5876811594202899 0.10815217391304348 0.5876811594202899
