3 0.41032608695652173 0.6391304347826087 0.48478260869565215 0.6391304347826087 0.48478260869565215 0.6608695652173914 0.41032608695652173 0.6608695652173914
3 0.23315217391304346 0.6231884057971014 0.28478260869565214 0.6231884057971014 0.28478260869565214 0.6376811594202899 0.23315217391304346 0.6376811594202899
3 0.3429347826086957 0.5992753623188406 0.37880434782608696 0.5992753623188406 0.37880434782608696 0.610144927536232 0.3429347826086957 0.610144927536232
3 0.4434782608695652 0.672463768115942 0.49184782608695654 0.672463768115942 0.49184782608695654 0.6985507246376812 0.4434782608695652 0.6985507246376812
3 0.6184782608695653 0.6021739130434782 0.6472826086956521 0.6021739130434782 0.6472826086956521 0.6094202898550725 0.6184782608695653 0.6094202898550725
3 0.7201086956521738 0.6246376811594203 0.753804347826087 0.6246376811594203 0.753804347826087 0.6391304347826088 0.7201086956521738 0.6391304347826088
3 0.8130434782608695 0.6347826086956522 0.8434782608695652 0.6347826086956522 0.8434782608695652 0.6471014492753623 0.8130434782608695 0.6471014492753623
3 0.7994565217391305 0.6181159420289855 0.816304347826087 0.6181159420289855 0.816304347826087 0.6253623188405797 0.7994565217391305 0.6253623188405797
3 0.7195652173913043 0.6036231884057972 0.7380434782608696 0.6036231884057972 0.7380434782608696 0.6094202898550725 0.7195652173913043 0.6094202898550725
3 0.8320652173913043 0.567391304347826 0.8527173913043478 0.567391304347826 0.8527173913043478 0.5782608695652174 0.8320652173913043 0.5782608695652174
