3 0.3342391304347826 0.5478260869565217 0.37826086956521743 0.5478260869565217 0.37826086956521743 0.5630434782608695 0.3342391304347826 0.5630434782608695
3 0.375 0.5101449275362319 0.42336956521739133 0.5101449275362319 0.42336956521739133 0.5260869565217391 0.375 0.5260869565217391
3 0.5076086956521739 0.5442028985507247 0.6000000000000001 0.5442028985507247 0.6000000000000001 0.5789855072463769 0.5076086956521739 0.5789855072463769
3 0.608695652173913 0.5579710144927537 0.654891304347826 0.5579710144927537 0.654891304347826 0.5768115942028986 0.608695652173913 0.5768115942028986
3 0.6641304347826087 0.5681159420289855 0.7211956521739131 0.5681159420289855 0.7211956521739131 0.5985507246376812 0.6641304347826087 0.5985507246376812
3 0.575 0.513768115942029 0.6168478260869565 0.513768115942029 0.6168478260869565 0.532608695652174 0.575 0.532608695652174
3 0.5402173913043479 0.5057971014492754 0.5690217391304347 0.5057971014492754 0.5690217391304347 0.5181159420289855 0.5402173913043479 0.5181159420289855
3 0.558695652173913 0.49420289855072463 0.5717391304347825 0.49420289855072463 0.5717391304347825 0.5 0.558695652173913 0.5
3 0.43695652173913047 0.47681159420289854 0.4532608695652174 0.47681159420289854 0.4532608695652174 0.48115942028985503 0.43695652173913047 0.48115942028985503
3 0.4494565217391304 0.46594202898550724 0.4608695652173913 0.46594202898550724 0.4608695652173913 0.4710144927536232 0.4494565217391304 0.4710144927536232
3 0.46358695652173915 0.4579710144927536 0.46793478260869564 0.4579710144927536 0.46793478260869564 0.4601449275362319 0.46358695652173915 0.4601449275362319
3 0.47119565217391307 0.45217391304347826 0.4771739130434783 0.45217391304347826 0.4771739130434783 0.4543478260869565 0.47119565217391307 0.4543478260869565
