3 0.8826086956521738 0.5391304347826087 0.9201086956521739 0.5391304347826087 0.9201086956521739 0.5536231884057972 0.8826086956521738 0.5536231884057972
3 0.6586956521739131 0.48550724637681164 0.6793478260869565 0.48550724637681164 0.6793478260869565 0.49420289855072463 0.6586956521739131 0.49420289855072463
3 0.6157608695652175 0.4818840579710145 0.6369565217391304 0.4818840579710145 0.6369565217391304 0.4905797101449275 0.6157608695652175 0.4905797101449275
3 0.6130434782608696 0.4746376811594203 0.6304347826086956 0.4746376811594203 0.6304347826086956 0.48115942028985503 0.6130434782608696 0.48115942028985503
3 0.5684782608695652 0.46594202898550724 0.586413043478261 0.46594202898550724 0.586413043478261 0.4717391304347826 0.5684782608695652 0.4717391304347826
3 0.5527173913043477 0.48043478260869565 0.5625 0.48043478260869565 0.5625 0.486231884057971 0.5527173913043477 0.486231884057971
3 0.8826086956521738 0.5391304347826087 0.9201086956521739 0.5391304347826087 0.9201086956521739 0.5536231884057972 0.8826086956521738 0.5536231884057972
3 0.6586956521739131 0.48550724637681164 0.6793478260869565 0.48550724637681164 0.6793478260869565 0.49420289855072463 0.6586956521739131 0.49420289855072463
3 0.6157608695652175 0.4818840579710145 0.6369565217391304 0.4818840579710145 0.6369565217391304 0.4905797101449275 0.6157608695652175 0.4905797101449275
3 0.6130434782608696 0.4746376811594203 0.6304347826086956 0.4746376811594203 0.6304347826086956 0.48115942028985503 0.6130434782608696 0.48115942028985503
3 0.5684782608695652 0.46594202898550724 0.586413043478261 0.46594202898550724 0.586413043478261 0.4717391304347826 0.5684782608695652 0.4717391304347826
3 0.5527173913043477 0.48043478260869565 0.5625 0.48043478260869565 0.5625 0.486231884057971 0.5527173913043477 0.486231884057971
