3 0.691304347826087 0.5956521739130435 0.7347826086956522 0.5956521739130435 0.7347826086956522 0.6108695652173913 0.691304347826087 0.6108695652173913
3 0.7614130434782609 0.5797101449275361 0.9646739130434783 0.5797101449275361 0.9646739130434783 0.6405797101449275 0.7614130434782609 0.6405797101449275
3 0.6896739130434782 0.5123188405797101 0.7293478260869565 0.5123188405797101 0.7293478260869565 0.5246376811594202 0.6896739130434782 0.5246376811594202
3 0.7945652173913044 0.48043478260869565 0.8146739130434782 0.48043478260869565 0.8146739130434782 0.4876811594202899 0.7945652173913044 0.4876811594202899
3 0.8929347826086956 0.5094202898550725 0.9467391304347826 0.5094202898550725 0.9467391304347826 0.5297101449275362 0.8929347826086956 0.5297101449275362
3 0.595108695652174 0.44202898550724634 0.6076086956521739 0.44202898550724634 0.6076086956521739 0.44565217391304346 0.595108695652174 0.44565217391304346
3 0.6173913043478261 0.44710144927536233 0.6315217391304349 0.44710144927536233 0.6315217391304349 0.4528985507246377 0.6173913043478261 0.4528985507246377
3 0.6472826086956522 0.4485507246376812 0.6597826086956522 0.4485507246376812 0.6597826086956522 0.4528985507246377 0.6472826086956522 0.4528985507246377
3 0.691304347826087 0.5956521739130435 0.7347826086956522 0.5956521739130435 0.7347826086956522 0.6108695652173913 0.691304347826087 0.6108695652173913
3 0.7614130434782609 0.5797101449275361 0.9646739130434783 0.5797101449275361 0.9646739130434783 0.6405797101449275 0.7614130434782609 0.6405797101449275
3 0.6896739130434782 0.5123188405797101 0.7293478260869565 0.5123188405797101 0.7293478260869565 0.5246376811594202 0.6896739130434782 0.5246376811594202
3 0.7945652173913044 0.48043478260869565 0.8146739130434782 0.48043478260869565 0.8146739130434782 0.4876811594202899 0.7945652173913044 0.4876811594202899
3 0.8929347826086956 0.5094202898550725 0.9467391304347826 0.5094202898550725 0.9467391304347826 0.5297101449275362 0.8929347826086956 0.5297101449275362
3 0.595108695652174 0.44202898550724634 0.6076086956521739 0.44202898550724634 0.6076086956521739 0.44565217391304346 0.595108695652174 0.44565217391304346
3 0.6173913043478261 0.44710144927536233 0.6315217391304349 0.44710144927536233 0.6315217391304349 0.4528985507246377 0.6173913043478261 0.4528985507246377
3 0.6472826086956522 0.4485507246376812 0.6597826086956522 0.4485507246376812 0.6597826086956522 0.4528985507246377 0.6472826086956522 0.4528985507246377
