3 0.5858695652173913 0.47898550724637684 0.6157608695652175 0.47898550724637684 0.6157608695652175 0.4855072463768116 0.5858695652173913 0.4855072463768116
3 0.5440217391304347 0.4702898550724638 0.5668478260869565 0.4702898550724638 0.5668478260869565 0.47608695652173916 0.5440217391304347 0.47608695652173916
3 0.5244565217391304 0.45072463768115945 0.5347826086956522 0.45072463768115945 0.5347826086956522 0.45507246376811594 0.5244565217391304 0.45507246376811594
3 0.5309782608695652 0.4456521739130435 0.5418478260869566 0.4456521739130435 0.5418478260869566 0.45 0.5309782608695652 0.45
3 0.5163043478260869 0.4384057971014493 0.5277173913043478 0.4384057971014493 0.5277173913043478 0.44347826086956527 0.5163043478260869 0.44347826086956527
3 0.5858695652173913 0.47898550724637684 0.6157608695652175 0.47898550724637684 0.6157608695652175 0.4855072463768116 0.5858695652173913 0.4855072463768116
3 0.5440217391304347 0.4702898550724638 0.5668478260869565 0.4702898550724638 0.5668478260869565 0.47608695652173916 0.5440217391304347 0.47608695652173916
3 0.5244565217391304 0.45072463768115945 0.5347826086956522 0.45072463768115945 0.5347826086956522 0.45507246376811594 0.5244565217391304 0.45507246376811594
3 0.5309782608695652 0.4456521739130435 0.5418478260869566 0.4456521739130435 0.5418478260869566 0.45 0.5309782608695652 0.45
3 0.5163043478260869 0.4384057971014493 0.5277173913043478 0.4384057971014493 0.5277173913043478 0.44347826086956527 0.5163043478260869 0.44347826086956527
