3 0.5016304347826087 0.6043478260869566 0.5451086956521739 0.6043478260869566 0.5451086956521739 0.6166666666666667 0.5016304347826087 0.6166666666666667
3 0.25652173913043474 0.5702898550724638 0.34782608695652173 0.5702898550724638 0.34782608695652173 0.6173913043478261 0.25652173913043474 0.6173913043478261
3 0.36086956521739133 0.5427536231884058 0.39456521739130435 0.5427536231884058 0.39456521739130435 0.5572463768115943 0.36086956521739133 0.5572463768115943
3 0.567391304347826 0.5623188405797102 0.6059782608695652 0.5623188405797102 0.6059782608695652 0.5797101449275361 0.567391304347826 0.5797101449275361
3 0.575 0.5260869565217391 0.5945652173913043 0.5260869565217391 0.5945652173913043 0.5340579710144927 0.575 0.5340579710144927
3 0.5206521739130434 0.5253623188405797 0.566304347826087 0.5253623188405797 0.566304347826087 0.5442028985507247 0.5206521739130434 0.5442028985507247
3 0.5809782608695652 0.5108695652173912 0.6038043478260869 0.5108695652173912 0.6038043478260869 0.5173913043478261 0.5809782608695652 0.5173913043478261
3 0.5315217391304348 0.4927536231884058 0.5679347826086956 0.4927536231884058 0.5679347826086956 0.5014492753623189 0.5315217391304348 0.5014492753623189
3 0.5657608695652174 0.48840579710144927 0.5809782608695653 0.48840579710144927 0.5809782608695653 0.49347826086956526 0.5657608695652174 0.49347826086956526
3 0.5722826086956522 0.48405797101449277 0.5847826086956521 0.48405797101449277 0.5847826086956521 0.48840579710144927 0.5722826086956522 0.48840579710144927
3 0.5369565217391304 0.47753623188405797 0.5608695652173913 0.47753623188405797 0.5608695652173913 0.4840579710144927 0.5369565217391304 0.4840579710144927
3 0.4777173913043478 0.47246376811594204 0.49728260869565216 0.47246376811594204 0.49728260869565216 0.47681159420289854 0.4777173913043478 0.47681159420289854
