3 0.6005434782608696 0.5304347826086956 0.6608695652173913 0.5304347826086956 0.6608695652173913 0.5521739130434783 0.6005434782608696 0.5521739130434783
3 0.5804347826086957 0.4673913043478261 0.6016304347826087 0.4673913043478261 0.6016304347826087 0.47391304347826085 0.5804347826086957 0.47391304347826085
3 0.5521739130434783 0.4536231884057971 0.5717391304347826 0.4536231884057971 0.5717391304347826 0.45942028985507244 0.5521739130434783 0.45942028985507244
3 0.5407608695652174 0.44565217391304346 0.5570652173913043 0.44565217391304346 0.5570652173913043 0.45072463768115945 0.5407608695652174 0.45072463768115945
3 0.6027173913043478 0.4557971014492754 0.6130434782608696 0.4557971014492754 0.6130434782608696 0.4601449275362319 0.6027173913043478 0.4601449275362319
3 0.6005434782608696 0.5304347826086956 0.6608695652173913 0.5304347826086956 0.6608695652173913 0.5521739130434783 0.6005434782608696 0.5521739130434783
3 0.5804347826086957 0.4673913043478261 0.6016304347826087 0.4673913043478261 0.6016304347826087 0.47391304347826085 0.5804347826086957 0.47391304347826085
3 0.5521739130434783 0.4536231884057971 0.5717391304347826 0.4536231884057971 0.5717391304347826 0.45942028985507244 0.5521739130434783 0.45942028985507244
3 0.5407608695652174 0.44565217391304346 0.5570652173913043 0.44565217391304346 0.5570652173913043 0.45072463768115945 0.5407608695652174 0.45072463768115945
3 0.6027173913043478 0.4557971014492754 0.6130434782608696 0.4557971014492754 0.6130434782608696 0.4601449275362319 0.6027173913043478 0.4601449275362319
