3 0.6815217391304348 0.5594202898550724 0.7369565217391304 0.5594202898550724 0.7369565217391304 0.5927536231884059 0.6815217391304348 0.5927536231884059
3 0.3842391304347826 0.5818840579710145 0.4309782608695652 0.5818840579710145 0.4309782608695652 0.6159420289855073 0.3842391304347826 0.6159420289855073
3 0.46847826086956523 0.5898550724637681 0.5032608695652174 0.5898550724637681 0.5032608695652174 0.605072463768116 0.46847826086956523 0.605072463768116
3 0.45706521739130435 0.5369565217391304 0.48641304347826086 0.5369565217391304 0.48641304347826086 0.5492753623188406 0.45706521739130435 0.5492753623188406
3 0.45054347826086955 0.5159420289855073 0.47228260869565214 0.5159420289855073 0.47228260869565214 0.5253623188405797 0.45054347826086955 0.5253623188405797
3 0.48260869565217396 0.513768115942029 0.520108695652174 0.513768115942029 0.520108695652174 0.523913043478261 0.48260869565217396 0.523913043478261
3 0.4614130434782609 0.4963768115942029 0.47989130434782606 0.4963768115942029 0.47989130434782606 0.5043478260869565 0.4614130434782609 0.5043478260869565
3 0.4907608695652175 0.48768115942028983 0.5190217391304348 0.48768115942028983 0.5190217391304348 0.49492753623188407 0.4907608695652175 0.49492753623188407
3 0.4434782608695652 0.4855072463768116 0.47771739130434787 0.4855072463768116 0.47771739130434787 0.4934782608695652 0.4434782608695652 0.4934782608695652
3 0.5673913043478261 0.48405797101449277 0.5842391304347826 0.48405797101449277 0.5842391304347826 0.4905797101449275 0.5673913043478261 0.4905797101449275
3 0.6255434782608695 0.5028985507246377 0.6489130434782608 0.5028985507246377 0.6489130434782608 0.5115942028985507 0.6255434782608695 0.5115942028985507
