3 0.6635869565217392 0.5094202898550725 0.7788043478260869 0.5094202898550725 0.7788043478260869 0.5463768115942028 0.6635869565217392 0.5463768115942028
3 0.7065217391304348 0.5471014492753624 0.7739130434782608 0.5471014492753624 0.7739130434782608 0.5760869565217391 0.7065217391304348 0.5760869565217391
3 0.8005434782608696 0.4992753623188406 0.9119565217391303 0.4992753623188406 0.9119565217391303 0.5456521739130435 0.8005434782608696 0.5456521739130435
3 0.7929347826086957 0.48043478260869565 0.8244565217391304 0.48043478260869565 0.8244565217391304 0.49275362318840576 0.7929347826086957 0.49275362318840576
3 0.6483695652173913 0.48260869565217396 0.6728260869565217 0.48260869565217396 0.6728260869565217 0.4891304347826087 0.6483695652173913 0.4891304347826087
3 0.6266304347826087 0.5152173913043478 0.6494565217391305 0.5152173913043478 0.6494565217391305 0.5246376811594202 0.6266304347826087 0.5246376811594202
3 0.6635869565217392 0.5094202898550725 0.7788043478260869 0.5094202898550725 0.7788043478260869 0.5463768115942028 0.6635869565217392 0.5463768115942028
3 0.7065217391304348 0.5471014492753624 0.7739130434782608 0.5471014492753624 0.7739130434782608 0.5760869565217391 0.7065217391304348 0.5760869565217391
3 0.8005434782608696 0.4992753623188406 0.9119565217391303 0.4992753623188406 0.9119565217391303 0.5456521739130435 0.8005434782608696 0.5456521739130435
3 0.7929347826086957 0.48043478260869565 0.8244565217391304 0.48043478260869565 0.8244565217391304 0.49275362318840576 0.7929347826086957 0.49275362318840576
3 0.6483695652173913 0.48260869565217396 0.6728260869565217 0.48260869565217396 0.6728260869565217 0.4891304347826087 0.6483695652173913 0.4891304347826087
3 0.6266304347826087 0.5152173913043478 0.6494565217391305 0.5152173913043478 0.6494565217391305 0.5246376811594202 0.6266304347826087 0.5246376811594202
