3 0.2456521739130435 0.6217391304347826 0.3027173913043478 0.6217391304347826 0.3027173913043478 0.6355072463768117 0.2456521739130435 0.6355072463768117
3 0.3309782608695652 0.5420289855072464 0.391304347826087 0.5420289855072464 0.391304347826087 0.5666666666666667 0.3309782608695652 0.5666666666666667
3 0.5092391304347826 0.5572463768115942 0.5418478260869565 0.5572463768115942 0.5418478260869565 0.5949275362318841 0.5092391304347826 0.5949275362318841
3 0.538586956521739 0.5818840579710145 0.5766304347826087 0.5818840579710145 0.5766304347826087 0.6086956521739131 0.538586956521739 0.6086956521739131
3 0.6043478260869565 0.5579710144927537 0.6690217391304348 0.5579710144927537 0.6690217391304348 0.5927536231884059 0.6043478260869565 0.5927536231884059
3 0.5407608695652174 0.5384057971014493 0.5929347826086956 0.5384057971014493 0.5929347826086956 0.5594202898550724 0.5407608695652174 0.5594202898550724
3 0.5141304347826087 0.5159420289855072 0.5527173913043478 0.5159420289855072 0.5527173913043478 0.5427536231884058 0.5141304347826087 0.5427536231884058
3 0.5771739130434782 0.5195652173913043 0.5956521739130435 0.5195652173913043 0.5956521739130435 0.5282608695652173 0.5771739130434782 0.5282608695652173
3 0.5755434782608696 0.5043478260869566 0.5869565217391305 0.5043478260869566 0.5869565217391305 0.5094202898550725 0.5755434782608696 0.5094202898550725
3 0.5201086956521739 0.48840579710144927 0.5342391304347827 0.48840579710144927 0.5342391304347827 0.49420289855072463 0.5201086956521739 0.49420289855072463
3 0.5021739130434782 0.4746376811594203 0.516304347826087 0.4746376811594203 0.516304347826087 0.4797101449275363 0.5021739130434782 0.4797101449275363
3 0.43804347826086953 0.4746376811594203 0.4532608695652174 0.4746376811594203 0.4532608695652174 0.4789855072463768 0.43804347826086953 0.4789855072463768
3 0.4679347826086957 0.4557971014492754 0.47445652173913044 0.4557971014492754 0.47445652173913044 0.458695652173913 0.4679347826086957 0.458695652173913
