3 0.2326086956521739 0.605072463768116 0.3288043478260869 0.605072463768116 0.3288043478260869 0.636231884057971 0.2326086956521739 0.636231884057971
3 0.5168478260869566 0.5550724637681159 0.5755434782608696 0.5550724637681159 0.5755434782608696 0.6086956521739131 0.5168478260869566 0.6086956521739131
3 0.5565217391304348 0.5456521739130434 0.596195652173913 0.5456521739130434 0.596195652173913 0.5615942028985507 0.5565217391304348 0.5615942028985507
3 0.5875 0.5782608695652174 0.6097826086956523 0.5782608695652174 0.6097826086956523 0.5920289855072465 0.5875 0.5920289855072465
3 0.5820652173913043 0.5971014492753624 0.6347826086956523 0.5971014492753624 0.6347826086956523 0.6202898550724638 0.5820652173913043 0.6202898550724638
3 0.6054347826086957 0.56231884057971 0.6353260869565218 0.56231884057971 0.6353260869565218 0.5760869565217391 0.6054347826086957 0.5760869565217391
3 0.6516304347826087 0.5818840579710145 0.6706521739130435 0.5818840579710145 0.6706521739130435 0.5898550724637681 0.6516304347826087 0.5898550724637681
3 0.5222826086956521 0.505072463768116 0.5456521739130434 0.505072463768116 0.5456521739130434 0.5144927536231884 0.5222826086956521 0.5144927536231884
3 0.5288043478260869 0.5224637681159421 0.5505434782608696 0.5224637681159421 0.5505434782608696 0.5311594202898551 0.5288043478260869 0.5311594202898551
3 0.5010869565217392 0.48333333333333334 0.525 0.48333333333333334 0.525 0.49057971014492757 0.5010869565217392 0.49057971014492757
3 0.391304347826087 0.5036231884057971 0.43478260869565216 0.5036231884057971 0.43478260869565216 0.5152173913043478 0.391304347826087 0.5152173913043478
3 0.42663043478260865 0.4855072463768116 0.4434782608695652 0.4855072463768116 0.4434782608695652 0.49057971014492757 0.42663043478260865 0.49057971014492757
3 0.46249999999999997 0.45942028985507244 0.4701086956521739 0.45942028985507244 0.4701086956521739 0.46304347826086956 0.46249999999999997 0.46304347826086956
