3 0.592391304347826 0.5594202898550725 0.6179347826086957 0.5594202898550725 0.6179347826086957 0.572463768115942 0.592391304347826 0.572463768115942
3 0.9233695652173913 0.5797101449275363 0.9516304347826087 0.5797101449275363 0.9516304347826087 0.6 0.9233695652173913 0.6
3 0.6978260869565217 0.5333333333333333 0.7326086956521739 0.5333333333333333 0.7326086956521739 0.5456521739130434 0.6978260869565217 0.5456521739130434
3 0.6331521739130435 0.5202898550724637 0.6684782608695652 0.5202898550724637 0.6684782608695652 0.5347826086956522 0.6331521739130435 0.5347826086956522
3 0.6239130434782609 0.5072463768115942 0.6483695652173913 0.5072463768115942 0.6483695652173913 0.5166666666666666 0.6239130434782609 0.5166666666666666
3 0.558695652173913 0.4891304347826087 0.5880434782608697 0.4891304347826087 0.5880434782608697 0.4971014492753623 0.558695652173913 0.4971014492753623
3 0.5407608695652174 0.513768115942029 0.5565217391304348 0.513768115942029 0.5565217391304348 0.5253623188405797 0.5407608695652174 0.5253623188405797
3 0.5461956521739131 0.46811594202898554 0.5543478260869565 0.46811594202898554 0.5543478260869565 0.47246376811594204 0.5461956521739131 0.47246376811594204
3 0.592391304347826 0.5594202898550725 0.6179347826086957 0.5594202898550725 0.6179347826086957 0.572463768115942 0.592391304347826 0.572463768115942
3 0.9233695652173913 0.5797101449275363 0.9516304347826087 0.5797101449275363 0.9516304347826087 0.6 0.9233695652173913 0.6
3 0.6978260869565217 0.5333333333333333 0.7326086956521739 0.5333333333333333 0.7326086956521739 0.5456521739130434 0.6978260869565217 0.5456521739130434
3 0.6331521739130435 0.5202898550724637 0.6684782608695652 0.5202898550724637 0.6684782608695652 0.5347826086956522 0.6331521739130435 0.5347826086956522
3 0.6239130434782609 0.5072463768115942 0.6483695652173913 0.5072463768115942 0.6483695652173913 0.5166666666666666 0.6239130434782609 0.5166666666666666
3 0.558695652173913 0.4891304347826087 0.5880434782608697 0.4891304347826087 0.5880434782608697 0.4971014492753623 0.558695652173913 0.4971014492753623
3 0.5407608695652174 0.513768115942029 0.5565217391304348 0.513768115942029 0.5565217391304348 0.5253623188405797 0.5407608695652174 0.5253623188405797
3 0.5461956521739131 0.46811594202898554 0.5543478260869565 0.46811594202898554 0.5543478260869565 0.47246376811594204 0.5461956521739131 0.47246376811594204
