3 0.5521739130434783 0.5485507246376812 0.6103260869565218 0.5485507246376812 0.6103260869565218 0.6152173913043478 0.5521739130434783 0.6152173913043478
3 0.37228260869565216 0.5347826086956522 0.42608695652173917 0.5347826086956522 0.42608695652173917 0.5521739130434782 0.37228260869565216 0.5521739130434782
3 0.3842391304347826 0.522463768115942 0.4190217391304348 0.522463768115942 0.4190217391304348 0.5340579710144927 0.3842391304347826 0.5340579710144927
3 0.5820652173913043 0.5043478260869565 0.621195652173913 0.5043478260869565 0.621195652173913 0.5224637681159421 0.5820652173913043 0.5224637681159421
3 0.666304347826087 0.553623188405797 0.6994565217391304 0.553623188405797 0.6994565217391304 0.572463768115942 0.666304347826087 0.572463768115942
3 0.5211956521739131 0.5028985507246377 0.5592391304347827 0.5028985507246377 0.5592391304347827 0.5195652173913043 0.5211956521739131 0.5195652173913043
3 0.520108695652174 0.4891304347826087 0.5565217391304348 0.4891304347826087 0.5565217391304348 0.5007246376811594 0.520108695652174 0.5007246376811594
3 0.4201086956521739 0.4920289855072464 0.44673913043478264 0.4920289855072464 0.44673913043478264 0.5 0.4201086956521739 0.5
3 0.44021739130434784 0.4760869565217391 0.4597826086956522 0.4760869565217391 0.4597826086956522 0.48695652173913045 0.44021739130434784 0.48695652173913045
3 0.45869565217391306 0.4608695652173913 0.47608695652173916 0.4608695652173913 0.47608695652173916 0.4652173913043478 0.45869565217391306 0.4652173913043478
