3 0.3168478260869565 0.586231884057971 0.528804347826087 0.586231884057971 0.528804347826087 0.622463768115942 0.3168478260869565 0.622463768115942
3 0.18315217391304348 0.5927536231884059 0.24945652173913044 0.5927536231884059 0.24945652173913044 0.6202898550724638 0.18315217391304348 0.6202898550724638
3 0.27771739130434786 0.563768115942029 0.3641304347826087 0.563768115942029 0.3641304347826087 0.5869565217391305 0.27771739130434786 0.5869565217391305
3 0.42934782608695654 0.532608695652174 0.49619565217391304 0.532608695652174 0.49619565217391304 0.5485507246376812 0.42934782608695654 0.5485507246376812
3 0.4902173913043478 0.5449275362318841 0.5260869565217391 0.5449275362318841 0.5260869565217391 0.5557971014492754 0.4902173913043478 0.5557971014492754
3 0.6032608695652174 0.5811594202898551 0.6320652173913043 0.5811594202898551 0.6320652173913043 0.6007246376811595 0.6032608695652174 0.6007246376811595
3 0.8483695652173913 0.577536231884058 0.9021739130434783 0.577536231884058 0.9021739130434783 0.6021739130434782 0.8483695652173913 0.6021739130434782
3 0.8869565217391304 0.5463768115942029 0.9320652173913044 0.5463768115942029 0.9320652173913044 0.5623188405797102 0.8869565217391304 0.5623188405797102
3 0.6032608695652173 0.5028985507246376 0.6407608695652174 0.5028985507246376 0.6407608695652174 0.5173913043478261 0.6032608695652173 0.5173913043478261
3 0.7581521739130436 0.5050724637681159 0.7793478260869565 0.5050724637681159 0.7793478260869565 0.5123188405797101 0.7581521739130436 0.5123188405797101
3 0.7788043478260869 0.49130434782608695 0.7967391304347826 0.49130434782608695 0.7967391304347826 0.4978260869565217 0.7788043478260869 0.4978260869565217
