3 0.3190217391304348 0.5876811594202899 0.38532608695652176 0.5876811594202899 0.38532608695652176 0.6144927536231884 0.3190217391304348 0.6144927536231884
3 0.18043478260869564 0.5833333333333334 0.2592391304347826 0.5833333333333334 0.2592391304347826 0.6152173913043478 0.18043478260869564 0.6152173913043478
3 0.41250000000000003 0.5579710144927535 0.47391304347826085 0.5579710144927535 0.47391304347826085 0.5797101449275363 0.41250000000000003 0.5797101449275363
3 0.4701086956521739 0.5369565217391304 0.5657608695652174 0.5369565217391304 0.5657608695652174 0.5673913043478261 0.4701086956521739 0.5673913043478261
3 0.4298913043478261 0.5442028985507246 0.46847826086956523 0.5442028985507246 0.46847826086956523 0.558695652173913 0.4298913043478261 0.558695652173913
3 0.38967391304347826 0.5282608695652173 0.4456521739130435 0.5282608695652173 0.4456521739130435 0.5420289855072464 0.38967391304347826 0.5420289855072464
3 0.49239130434782613 0.5115942028985507 0.5222826086956522 0.5115942028985507 0.5222826086956522 0.5202898550724637 0.49239130434782613 0.5202898550724637
3 0.5364130434782608 0.5173913043478261 0.5695652173913044 0.5173913043478261 0.5695652173913044 0.5253623188405797 0.5364130434782608 0.5253623188405797
3 0.6326086956521739 0.49057971014492757 0.6630434782608696 0.49057971014492757 0.6630434782608696 0.5007246376811595 0.6326086956521739 0.5007246376811595
3 0.8141304347826087 0.5369565217391304 0.8543478260869565 0.5369565217391304 0.8543478260869565 0.5579710144927535 0.8141304347826087 0.5579710144927535
3 0.8576086956521739 0.5217391304347826 0.8972826086956521 0.5217391304347826 0.8972826086956521 0.5362318840579711 0.8576086956521739 0.5362318840579711
3 0.8624999999999999 0.5927536231884059 0.9429347826086957 0.5927536231884059 0.9429347826086957 0.6181159420289855 0.8624999999999999 0.6181159420289855
3 0.7880434782608695 0.48333333333333334 0.8027173913043478 0.48333333333333334 0.8027173913043478 0.4891304347826087 0.7880434782608695 0.4891304347826087
3 0.7635869565217391 0.4927536231884058 0.7842391304347825 0.4927536231884058 0.7842391304347825 0.4985507246376812 0.7635869565217391 0.4985507246376812
