3 0.320826 0.5033335 0.390244 0.5033335 0.390244 0.5466665 0.320826 0.5466665
3 0.045028 0.7299995 0.198874 0.7299995 0.198874 0.9066664999999999 0.045028 0.9066664999999999
3 0.161351 0.8366665000000001 0.243903 0.8366665000000001 0.243903 0.9399995 0.161351 0.9399995
3 0.283302 0.683333 0.375234 0.683333 0.375234 0.773333 0.283302 0.773333
3 0.3808625 0.7033335 0.4746715 0.7033335 0.4746715 0.7866665 0.3808625 0.7866665
3 0.5272045 0.7333335 0.6041275 0.7333335 0.6041275 0.7966665 0.5272045 0.7966665
3 0.440901 0.8266669999999999 0.530957 0.8266669999999999 0.530957 0.926667 0.440901 0.926667
3 0.2964355 0.84 0.3939965 0.84 0.3939965 0.9500000000000001 0.2964355 0.9500000000000001
3 0.337711 0.9466669999999999 0.465291 0.9466669999999999 0.465291 0.996667 0.337711 0.996667
3 0.570356 0.9066664999999999 0.697936 0.9066664999999999 0.697936 0.9899995 0.570356 0.9899995
3 0.43714800000000004 0.5499999999999999 0.4803 0.5499999999999999 0.4803 0.59 0.43714800000000004 0.59
3 0.4033775 0.533333 0.4390245 0.533333 0.4390245 0.553333 0.4033775 0.553333
3 0.450282 0.4533335 0.604128 0.4533335 0.604128 0.5866665 0.450282 0.5866665
3 0.609756 0.5900005 0.934334 0.5900005 0.934334 0.8233335 0.609756 0.8233335
3 0.868668 0.816667 0.998124 0.816667 0.998124 0.996667 0.868668 0.996667
3 0.6322705 0.3999995 0.7073175 0.3999995 0.7073175 0.4366665 0.6322705 0.4366665
3 0.090056 0.5166664999999999 0.15197 0.5166664999999999 0.15197 0.5699995 0.090056 0.5699995
