3 0.61875 0.9069444999999999 0.88125 0.9069444999999999 0.88125 0.9930555 0.61875 0.9930555
3 0.357813 0.7722220000000001 0.582813 0.7722220000000001 0.582813 0.890278 0.357813 0.890278
3 0.0007810000000000039 0.9138895 0.155469 0.9138895 0.155469 0.9847225 0.0007810000000000039 0.9847225
3 0.25078100000000003 0.884722 0.448437 0.884722 0.448437 0.979166 0.25078100000000003 0.979166
3 0.18515600000000002 0.7055549999999999 0.32890600000000003 0.7055549999999999 0.32890600000000003 0.786111 0.18515600000000002 0.786111
3 0.8796875 0.7861105 1.0000005 0.7861105 1.0000005 0.8902774999999999 0.8796875 0.8902774999999999
3 0.711719 0.793056 0.8578129999999999 0.793056 0.8578129999999999 0.8930560000000001 0.711719 0.8930560000000001
3 0.8812500000000001 0.627778 1.0 0.627778 1.0 0.7375 0.8812500000000001 0.7375
3 0.4773434999999999 0.665278 0.7531245 0.665278 0.7531245 0.7430559999999999 0.4773434999999999 0.7430559999999999
3 0.0007815000000000044 0.459722 0.18125049999999998 0.459722 0.18125049999999998 0.559722 0.0007815000000000044 0.559722
3 0.7562500000000001 0.6972225 0.928906 0.6972225 0.928906 0.7930555 0.7562500000000001 0.7930555
