3 0.3625 0.8646616541353384 0.5805555555555555 0.8646616541353384 0.5805555555555555 0.9812030075187971 0.3625 0.9812030075187971
3 0.19861111111111113 0.7969924812030075 0.33194444444444443 0.7969924812030075 0.33194444444444443 0.8872180451127819 0.19861111111111113 0.8872180451127819
3 0.31527777777777777 0.7481203007518796 0.5319444444444444 0.7481203007518796 0.5319444444444444 0.8045112781954887 0.31527777777777777 0.8045112781954887
3 0.4805555555555555 0.6729323308270676 0.5930555555555556 0.6729323308270676 0.5930555555555556 0.7218045112781954 0.4805555555555555 0.7218045112781954
3 0.33749999999999997 0.5714285714285715 0.425 0.5714285714285715 0.425 0.6052631578947368 0.33749999999999997 0.6052631578947368
3 0.0 0.7255639097744361 0.12083333333333333 0.7255639097744361 0.12083333333333333 0.9285714285714285 0.0 0.9285714285714285
3 0.21944444444444447 0.47744360902255634 0.30000000000000004 0.47744360902255634 0.30000000000000004 0.5263157894736842 0.21944444444444447 0.5263157894736842
3 0.4513888888888889 0.46240601503759393 0.5236111111111111 0.46240601503759393 0.5236111111111111 0.5 0.4513888888888889 0.5
3 0.7097222222222223 0.736842105263158 0.7722222222222223 0.736842105263158 0.7722222222222223 0.7819548872180451 0.7097222222222223 0.7819548872180451
3 0.6944444444444444 0.6428571428571428 0.7569444444444444 0.6428571428571428 0.7569444444444444 0.6804511278195489 0.6944444444444444 0.6804511278195489
3 0.6361111111111112 0.5902255639097744 0.7138888888888889 0.5902255639097744 0.7138888888888889 0.6353383458646618 0.6361111111111112 0.6353383458646618
3 0.7763888888888888 0.8684210526315789 0.9986111111111111 0.8684210526315789 0.9986111111111111 0.9962406015037594 0.7763888888888888 0.9962406015037594
