3 0.5366664999999999 0.5133335 0.7999995 0.5133335 0.7999995 0.7100004999999999 0.5366664999999999 0.7100004999999999
3 0.1066665 0.7133335 0.5433335 0.7133335 0.5433335 0.9900005 0.1066665 0.9900005
3 0.636667 0.8766670000000001 0.966667 0.8766670000000001 0.966667 0.996667 0.636667 0.996667
3 0.8399995 0.6766665 0.9966664999999999 0.6766665 0.9966664999999999 0.8133335 0.8399995 0.8133335
3 0.146667 0.3733335 0.536667 0.3733335 0.536667 0.5366665 0.146667 0.5366665
3 0.6100005000000001 0.34999949999999996 0.7633335 0.34999949999999996 0.7633335 0.4166665 0.6100005000000001 0.4166665
3 0.806667 0.38666700000000004 0.9466669999999999 0.38666700000000004 0.9466669999999999 0.486667 0.806667 0.486667
3 0.9466669999999999 0.483333 0.996667 0.483333 0.996667 0.5433330000000001 0.9466669999999999 0.5433330000000001
3 0.5500005 0.1566665 0.7033335 0.1566665 0.7033335 0.2099995 0.5500005 0.2099995
3 0.386667 0.2466665 0.576667 0.2466665 0.576667 0.3099995 0.386667 0.3099995
3 0.3600005 0.1999995 0.4433335 0.1999995 0.4433335 0.2366665 0.3600005 0.2366665
3 0.1200005 0.193333 0.3133335 0.193333 0.3133335 0.26333300000000004 0.1200005 0.26333300000000004
3 0.6433329999999999 0.1066665 0.743333 0.1066665 0.743333 0.1433335 0.6433329999999999 0.1433335
3 0.5200005000000001 0.086667 0.6533335 0.086667 0.6533335 0.126667 0.5200005000000001 0.126667
3 0.21666650000000004 0.1233335 0.4633335 0.1233335 0.4633335 0.19000050000000002 0.21666650000000004 0.19000050000000002
3 0.66 0.033333 0.84 0.033333 0.84 0.10333300000000001 0.66 0.10333300000000001
3 0.4999995 0.3166665 0.6366665 0.3166665 0.6366665 0.3699995 0.4999995 0.3699995
3 0.6566664999999999 0.2633335 0.7199995 0.2633335 0.7199995 0.3000005 0.6566664999999999 0.3000005
3 0.0033330000000000026 0.6566664999999999 0.083333 0.6566664999999999 0.083333 0.7633335 0.0033330000000000026 0.7633335
3 0.11333299999999999 0.003333500000000003 0.41333299999999995 0.003333500000000003 0.41333299999999995 0.0766665 0.11333299999999999 0.0766665
