3 0.08059701492537313 0.37333333333333335 0.41194029850746267 0.37333333333333335 0.41194029850746267 0.49666666666666665 0.08059701492537313 0.49666666666666665
3 0.17910447761194032 0.5 0.373134328358209 0.5 0.373134328358209 0.6000000000000001 0.17910447761194032 0.6000000000000001
3 0.4 0.57 0.582089552238806 0.57 0.582089552238806 0.6966666666666667 0.4 0.6966666666666667
3 0.14925373134328357 0.7566666666666667 0.4716417910447761 0.7566666666666667 0.4716417910447761 0.9166666666666666 0.14925373134328357 0.9166666666666666
3 0.6656716417910448 0.42 0.7432835820895521 0.42 0.7432835820895521 0.4766666666666666 0.6656716417910448 0.4766666666666666
3 0.7940298507462686 0.24333333333333332 0.9522388059701492 0.24333333333333332 0.9522388059701492 0.3233333333333333 0.7940298507462686 0.3233333333333333
3 0.34626865671641793 0.17333333333333334 0.4298507462686567 0.17333333333333334 0.4298507462686567 0.2033333333333333 0.34626865671641793 0.2033333333333333
3 0.6865671641791045 0.06 0.7522388059701492 0.06 0.7522388059701492 0.09333333333333332 0.6865671641791045 0.09333333333333332
3 0.7462686567164178 0.15666666666666668 0.817910447761194 0.15666666666666668 0.817910447761194 0.18 0.7462686567164178 0.18
3 0.7701492537313432 0.18333333333333335 0.844776119402985 0.18333333333333335 0.844776119402985 0.2 0.7701492537313432 0.2
