3 0.25552825552825553 0.5033333333333333 0.547911547911548 0.5033333333333333 0.547911547911548 0.61 0.25552825552825553 0.61
3 0.22850122850122848 0.4033333333333333 0.371007371007371 0.4033333333333333 0.371007371007371 0.5033333333333333 0.22850122850122848 0.5033333333333333
3 0.08845208845208846 0.4833333333333333 0.18673218673218672 0.4833333333333333 0.18673218673218672 0.5233333333333333 0.08845208845208846 0.5233333333333333
3 0.07862407862407864 0.5633333333333332 0.3390663390663391 0.5633333333333332 0.3390663390663391 0.73 0.07862407862407864 0.73
3 0.1818181818181818 0.7266666666666667 0.6658476658476659 0.7266666666666667 0.6658476658476659 0.8433333333333334 0.1818181818181818 0.8433333333333334
3 0.6044226044226044 0.5933333333333333 0.9975429975429975 0.5933333333333333 0.9975429975429975 0.8366666666666667 0.6044226044226044 0.8366666666666667
3 0.7960687960687961 0.89 0.8943488943488943 0.89 0.8943488943488943 0.9966666666666667 0.7960687960687961 0.9966666666666667
3 0.8722358722358722 0.4766666666666667 0.9828009828009828 0.4766666666666667 0.9828009828009828 0.51 0.8722358722358722 0.51
3 0.7346437346437347 0.51 0.9115479115479115 0.51 0.9115479115479115 0.6233333333333333 0.7346437346437347 0.6233333333333333
3 0.628992628992629 0.45999999999999996 0.8476658476658477 0.45999999999999996 0.8476658476658477 0.51 0.628992628992629 0.51
