3 0.34531300000000004 0.1027775 0.5078130000000001 0.1027775 0.5078130000000001 0.2041665 0.34531300000000004 0.2041665
3 0.529688 0.1708335 0.68125 0.1708335 0.68125 0.2569445 0.529688 0.2569445
3 0.7117185 0.2388885 0.8374995 0.2388885 0.8374995 0.3652775 0.7117185 0.3652775
3 0.7593749999999999 0.351389 0.944531 0.351389 0.944531 0.486111 0.7593749999999999 0.486111
3 0.6195315 0.480556 0.9976565000000001 0.480556 0.9976565000000001 0.677778 0.6195315 0.677778
3 0.4937505 0.8347225 0.8031254999999999 0.8347225 0.8031254999999999 0.9958335 0.4937505 0.9958335
3 0.25 0.4319445 0.5625 0.4319445 0.5625 0.6930555 0.25 0.6930555
3 0.0007814999999999905 0.5375004999999999 0.1375005 0.5375004999999999 0.1375005 0.8486115000000001 0.0007814999999999905 0.8486115000000001
3 0.3187495 0.26111100000000004 0.6468745 0.26111100000000004 0.6468745 0.413889 0.3187495 0.413889
3 0.11406200000000001 0.37916700000000003 0.295312 0.37916700000000003 0.295312 0.516667 0.11406200000000001 0.516667
3 0.0062500000000000056 0.10277800000000001 0.189062 0.10277800000000001 0.189062 0.227778 0.0062500000000000056 0.227778
3 0.21562550000000003 0.095834 0.2937505 0.095834 0.2937505 0.165278 0.21562550000000003 0.165278
3 0.2054685 0.177778 0.3460935 0.177778 0.3460935 0.275 0.2054685 0.275
3 0.017969 0.184722 0.201563 0.184722 0.201563 0.28194400000000003 0.017969 0.28194400000000003
3 0.0007814999999999905 0.3444445 0.1476565 0.3444445 0.1476565 0.4208335 0.0007814999999999905 0.4208335
3 0.46015649999999997 0.719444 0.6648435 0.719444 0.6648435 0.8500000000000001 0.46015649999999997 0.8500000000000001
3 0.948437 0.8097219999999999 0.998437 0.8097219999999999 0.998437 0.972222 0.948437 0.972222
