3 0.2833333333333333 0.7236111111111111 0.3819444444444444 0.7236111111111111 0.3819444444444444 0.8472222222222222 0.2833333333333333 0.8472222222222222
3 0.001388888888888891 0.7944444444444445 0.1 0.7944444444444445 0.1 0.8791666666666667 0.001388888888888891 0.8791666666666667
3 0.175 0.8694444444444445 0.33888888888888885 0.8694444444444445 0.33888888888888885 1.0 0.175 1.0
3 0.3763888888888889 0.8152777777777778 0.44166666666666665 0.8152777777777778 0.44166666666666665 0.913888888888889 0.3763888888888889 0.913888888888889
3 0.6625000000000001 0.6416666666666666 1.0 0.6416666666666666 1.0 0.9291666666666667 0.6625000000000001 0.9291666666666667
3 0.18194444444444446 0.7055555555555556 0.28194444444444444 0.7055555555555556 0.28194444444444444 0.7902777777777777 0.18194444444444446 0.7902777777777777
3 0.11805555555555557 0.7972222222222223 0.21805555555555556 0.7972222222222223 0.21805555555555556 0.8819444444444444 0.11805555555555557 0.8819444444444444
3 0.001388888888888891 0.8986111111111111 0.1 0.8986111111111111 0.1 0.9833333333333333 0.001388888888888891 0.9833333333333333
3 0.4527777777777778 0.7680555555555556 0.5527777777777778 0.7680555555555556 0.5527777777777778 0.8527777777777777 0.4527777777777778 0.8527777777777777
3 0.5666666666666667 0.7125 0.6666666666666667 0.7125 0.6666666666666667 0.7972222222222222 0.5666666666666667 0.7972222222222222
