3 0.45694444444444443 0.6749999999999999 0.5208333333333333 0.6749999999999999 0.5208333333333333 0.7138888888888889 0.45694444444444443 0.7138888888888889
3 0.21666666666666667 0.8236111111111111 0.3416666666666667 0.8236111111111111 0.3416666666666667 0.8847222222222222 0.21666666666666667 0.8847222222222222
3 0.001388888888888884 0.9222222222222223 0.25555555555555554 0.9222222222222223 0.25555555555555554 1.0 0.001388888888888884 1.0
3 0.016666666666666663 0.7291666666666666 0.10555555555555556 0.7291666666666666 0.10555555555555556 0.7902777777777777 0.016666666666666663 0.7902777777777777
3 0.18888888888888888 0.7458333333333332 0.26944444444444443 0.7458333333333332 0.26944444444444443 0.7805555555555556 0.18888888888888888 0.7805555555555556
3 0.22777777777777777 0.7 0.30833333333333335 0.7 0.30833333333333335 0.7347222222222223 0.22777777777777777 0.7347222222222223
3 0.28611111111111115 0.7638888888888888 0.3875 0.7638888888888888 0.3875 0.8027777777777778 0.28611111111111115 0.8027777777777778
3 0.36666666666666664 0.6652777777777777 0.44722222222222224 0.6652777777777777 0.44722222222222224 0.701388888888889 0.36666666666666664 0.701388888888889
3 0.31666666666666665 0.7166666666666667 0.43333333333333335 0.7166666666666667 0.43333333333333335 0.763888888888889 0.31666666666666665 0.763888888888889
3 0.5 0.8361111111111111 0.6569444444444446 0.8361111111111111 0.6569444444444446 0.8875000000000001 0.5 0.8875000000000001
3 0.5166666666666667 0.7875 0.6680555555555555 0.7875 0.6680555555555555 0.8222222222222223 0.5166666666666667 0.8222222222222223
3 0.49861111111111117 0.7374999999999999 0.5972222222222223 0.7374999999999999 0.5972222222222223 0.7708333333333334 0.49861111111111117 0.7708333333333334
3 0.48888888888888893 0.611111111111111 0.5527777777777778 0.611111111111111 0.5527777777777778 0.65 0.48888888888888893 0.65
