0 0.41333333333333333 0.12833333333333333 0.4633333333333334 0.12833333333333333 0.4633333333333334 0.22 0.41333333333333333 0.22
0 0.6383333333333333 0.19999999999999998 0.67 0.19999999999999998 0.67 0.2633333333333333 0.6383333333333333 0.2633333333333333
0 0.32499999999999996 0.2816666666666666 0.46166666666666667 0.2816666666666666 0.46166666666666667 0.775 0.32499999999999996 0.775
1 0.22999999999999998 0.2633333333333333 0.44333333333333336 0.2633333333333333 0.44333333333333336 0.30666666666666664 0.22999999999999998 0.30666666666666664
1 0.4766666666666666 0.32 0.76 0.32 0.76 0.36166666666666664 0.4766666666666666 0.36166666666666664
1 0.6816666666666666 0.2316666666666667 0.9983333333333333 0.2316666666666667 0.9983333333333333 0.2833333333333333 0.6816666666666666 0.2833333333333333
1 0.7533333333333333 0.30999999999999994 0.995 0.30999999999999994 0.995 0.38 0.7533333333333333 0.38
1 0.4783333333333333 0.24333333333333332 0.6733333333333333 0.24333333333333332 0.6733333333333333 0.29 0.4783333333333333 0.29
1 0.18166666666666664 0.5483333333333333 0.38 0.5483333333333333 0.38 0.5916666666666666 0.18166666666666664 0.5916666666666666
1 0.4166666666666667 0.6183333333333333 1.0 0.6183333333333333 1.0 0.7633333333333333 0.4166666666666667 0.7633333333333333
