2 0.21833333333333332 0.61 0.3333333333333333 0.61 0.3333333333333333 0.6566666666666666 0.21833333333333332 0.6566666666666666
0 0.7283333333333333 0.8366666666666667 0.98 0.8366666666666667 0.98 0.9916666666666667 0.7283333333333333 0.9916666666666667
0 0.8983333333333333 0.7933333333333333 0.9316666666666668 0.7933333333333333 0.9316666666666668 0.8550000000000001 0.8983333333333333 0.8550000000000001
0 0.3983333333333333 0.8916666666666667 0.44333333333333336 0.8916666666666667 0.44333333333333336 0.995 0.3983333333333333 0.995
0 0.39666666666666667 0.8833333333333333 0.46 0.8833333333333333 0.46 1.0 0.39666666666666667 1.0
0 0.385 0.7216666666666667 0.42333333333333334 0.7216666666666667 0.42333333333333334 0.8816666666666666 0.385 0.8816666666666666
2 0.21833333333333335 0.585 0.31666666666666665 0.585 0.31666666666666665 0.6566666666666667 0.21833333333333335 0.6566666666666667
0 0.22999999999999998 0.7166666666666667 0.29666666666666663 0.7166666666666667 0.29666666666666663 0.9833333333333333 0.22999999999999998 0.9833333333333333
1 0.020000000000000018 0.76 0.38666666666666666 0.76 0.38666666666666666 0.81 0.020000000000000018 0.81
1 0.4583333333333333 0.85 0.8200000000000001 0.85 0.8200000000000001 0.8983333333333333 0.4583333333333333 0.8983333333333333
0 0.9566666666666667 0.8416666666666666 0.9900000000000001 0.8416666666666666 0.9900000000000001 0.9133333333333333 0.9566666666666667 0.9133333333333333
1 0.08333333333333334 0.8566666666666666 0.45499999999999996 0.8566666666666666 0.45499999999999996 0.9083333333333333 0.08333333333333334 0.9083333333333333
