1 0.32166666666666666 0.5483333333333333 0.5783333333333334 0.5483333333333333 0.5783333333333334 0.595 0.32166666666666666 0.595
1 0.4983333333333333 0.24666666666666665 0.69 0.24666666666666665 0.69 0.27999999999999997 0.4983333333333333 0.27999999999999997
1 0.6116666666666666 0.14833333333333332 0.76 0.14833333333333332 0.76 0.22333333333333333 0.6116666666666666 0.22333333333333333
1 0.018333333333333368 0.5083333333333333 0.8300000000000001 0.5083333333333333 0.8300000000000001 0.565 0.018333333333333368 0.565
1 0.6416666666666666 0.375 0.8183333333333334 0.375 0.8183333333333334 0.43333333333333335 0.6416666666666666 0.43333333333333335
0 0.7616666666666667 0.42666666666666664 0.8666666666666667 0.42666666666666664 0.8666666666666667 0.5683333333333334 0.7616666666666667 0.5683333333333334
1 0.7649999999999999 0.43666666666666665 1.0 0.43666666666666665 1.0 0.5233333333333333 0.7649999999999999 0.5233333333333333
1 0.8133333333333334 0.28833333333333333 0.9083333333333333 0.28833333333333333 0.9083333333333333 0.32166666666666666 0.8133333333333334 0.32166666666666666
1 0.4866666666666667 0.18166666666666664 0.6016666666666667 0.18166666666666664 0.6016666666666667 0.20666666666666667 0.4866666666666667 0.20666666666666667
1 0.3583333333333334 0.23333333333333336 0.49 0.23333333333333336 0.49 0.2733333333333334 0.3583333333333334 0.2733333333333334
