0 0.2909689816085644 0.6291033806957373 0.330771342300302 0.6291033806957373 0.330771342300302 0.6913277804997551 0.2909689816085644 0.6913277804997551
0 0.4688443590447433 0.6918177364037237 0.5522920669777656 0.6918177364037237 0.5522920669777656 0.9230769230769231 0.4688443590447433 0.9230769230769231
1 0.20093329673346141 0.6727094561489466 0.40433708482020314 0.6727094561489466 0.40433708482020314 0.7403233708966193 0.20093329673346141 0.7403233708966193
1 0.17403239088663192 0.7319941205291524 0.4073565742519901 0.7319941205291524 0.4073565742519901 0.7785399314061735 0.17403239088663192 0.7785399314061735
0 0.6439747460883887 0.7447329740323371 0.7249519626681307 0.7447329740323371 0.7249519626681307 0.8579127878490936 0.6439747460883887 0.8579127878490936
1 0.3236343672797145 0.8118569328760411 0.5360966236618172 0.8118569328760411 0.5360966236618172 0.8657520823125918 0.3236343672797145 0.8657520823125918
0 0.830359593741422 0.9343459088682018 0.8608289870985452 0.9343459088682018 0.8608289870985452 0.9808917197452229 0.830359593741422 0.9808917197452229
1 0.27202854790008235 0.6291033806957373 0.299752950864672 0.6291033806957373 0.299752950864672 0.6580107790298872 0.27202854790008235 0.6580107790298872
0 0.2055997804007686 0.6237138657520823 0.2539116113093604 0.6237138657520823 0.2539116113093604 0.6678098971092602 0.2055997804007686 0.6678098971092602
0 0.2703815536645622 0.5918667319941205 0.30881141916003296 0.5918667319941205 0.30881141916003296 0.6266536011758942 0.2703815536645622 0.6266536011758942
1 0.010705462530881116 0.8103870651641352 0.550370573702992 0.8103870651641352 0.550370573702992 0.9363057324840764 0.010705462530881116 0.9363057324840764
