0 0.4650013724951963 0.5453209211170994 0.5160581937963218 0.5453209211170994 0.5160581937963218 0.5605095541401274 0.4650013724951963 0.5605095541401274
1 0.2552841065056272 0.6751592356687898 0.28822399121603076 0.6751592356687898 0.28822399121603076 0.6874081332680059 0.2552841065056272 0.6874081332680059
1 0.27696953060664287 0.6609505144536992 0.31457589898435356 0.6609505144536992 0.31457589898435356 0.6712395884370407 0.27696953060664287 0.6712395884370407
0 0.5229206697776558 0.6638902498775111 0.5333516332692836 0.6638902498775111 0.5333516332692836 0.7319941205291524 0.5229206697776558 0.7319941205291524
0 0.5347241284655504 0.7221950024497795 0.5588800439198462 0.7221950024497795 0.5588800439198462 0.8074473297403234 0.5347241284655504 0.8074473297403234
0 0.37633818281636017 0.5992160705536502 0.4304144935492726 0.5992160705536502 0.4304144935492726 0.6604605585497305 0.37633818281636017 0.6604605585497305
2 0.2143837496568762 0.6869181773640373 0.26763656327202856 0.6869181773640373 0.26763656327202856 0.7633512983831455 0.2143837496568762 0.7633512983831455
0 0.4172385396651112 0.6457618814306713 0.43645347241284654 0.6457618814306713 0.43645347241284654 0.7050465458108771 0.4172385396651112 0.7050465458108771
0 0.27889102388141646 0.6653601175894169 0.2964589623936316 0.6653601175894169 0.2964589623936316 0.6805487506124449 0.27889102388141646 0.6805487506124449
2 0.03486137798517705 0.72562469377756 0.21273675542135603 0.72562469377756 0.21273675542135603 0.9245467907888291 0.03486137798517705 0.9245467907888291
1 0.2668130661542685 0.6903478686918177 0.5229206697776557 0.6903478686918177 0.5229206697776557 0.7388535031847133 0.2668130661542685 0.7388535031847133
0 0.2459511391710129 0.7535521803037726 0.3340653307713423 0.7535521803037726 0.3340653307713423 0.89171974522293 0.2459511391710129 0.89171974522293
