0 0.3038704364534724 0.7217050465458109 0.33241833653582215 0.7217050465458109 0.33241833653582215 0.7756001959823616 0.3038704364534724 0.7756001959823616
0 0.0019214932747735336 0.6060754532092112 0.2703815536645622 0.6060754532092112 0.2703815536645622 0.8422341989220969 0.0019214932747735336 0.8422341989220969
0 0.38594564919022784 0.6438020578147966 0.3941806203678287 0.6438020578147966 0.3941806203678287 0.6678098971092602 0.38594564919022784 0.6678098971092602
0 0.3013999451001922 0.6908378245957865 0.315673895141367 0.6908378245957865 0.315673895141367 0.7368936795688388 0.3013999451001922 0.7368936795688388
0 0.4046115838594565 0.7902988731014209 0.449629426297008 0.7902988731014209 0.449629426297008 0.9975502204801567 0.4046115838594565 0.9975502204801567
0 0.2887729892945375 0.8824105830475256 0.3011254460609388 0.8824105830475256 0.3011254460609388 0.9985301322880941 0.2887729892945375 0.9985301322880941
0 0.33818281636014275 0.6673199412052915 0.34833928081251714 0.6673199412052915 0.34833928081251714 0.6957373836354728 0.33818281636014275 0.6957373836354728
0 0.3840241559154543 0.6976972072513474 0.3982981059566291 0.6976972072513474 0.3982981059566291 0.7550220480156786 0.3840241559154543 0.7550220480156786
0 0.24842163052429317 0.8437040666340029 0.28410650562723033 0.8437040666340029 0.28410650562723033 0.9343459088682019 0.24842163052429317 0.9343459088682019
0 0.40104309634916274 0.6163645271925527 0.4359044743343398 0.6163645271925527 0.4359044743343398 0.8143067123958844 0.40104309634916274 0.8143067123958844
