0 0.5643700247049136 0.8892699657030867 0.6082898709854515 0.8892699657030867 0.6082898709854515 0.9955903968642823 0.5643700247049136 0.9955903968642823
0 0.4444139445511941 0.8917197452229298 0.46335437825967607 0.8917197452229298 0.46335437825967607 0.9985301322880941 0.4444139445511941 0.9985301322880941
0 0.3947296184463354 0.6001959823615874 0.4224540214109251 0.6001959823615874 0.4224540214109251 0.89171974522293 0.3947296184463354 0.89171974522293
0 0.1858358495745265 0.8809407153356198 0.23689267087565194 0.8809407153356198 0.23689267087565194 0.9965703086722194 0.1858358495745265 0.9965703086722194
2 0.0008234971177600997 0.7025967662910338 0.1872083447707933 0.7025967662910338 0.1872083447707933 0.9191572758451739 0.0008234971177600997 0.9191572758451739
1 0.1951688169091408 0.8539931406173444 0.4040625857809498 0.8539931406173444 0.4040625857809498 0.8985791278784909 0.1951688169091408 0.8985791278784909
0 0.1866593466922866 0.787359137677609 0.21905023332418336 0.787359137677609 0.21905023332418336 0.828515433610975 0.1866593466922866 0.828515433610975
0 0.424650013724952 0.7574718275355218 0.4416689541586604 0.7574718275355218 0.4416689541586604 0.8402743753062224 0.424650013724952 0.8402743753062224
2 0.21767773812791655 0.6330230279274865 0.32967334614328847 0.6330230279274865 0.32967334614328847 0.792748652621264 0.21767773812791655 0.792748652621264
0 0.049409827065605275 0.9412052915237629 0.09634916277793028 0.9412052915237629 0.09634916277793028 0.9955903968642822 0.049409827065605275 0.9955903968642822
0 0.4899807850672523 0.7138657520823126 0.5056272303046939 0.7138657520823126 0.5056272303046939 0.7623713865752082 0.4899807850672523 0.7623713865752082
0 0.22426571506999726 0.8035276825085742 0.2668130661542685 0.8035276825085742 0.2668130661542685 0.861342479176874 0.22426571506999726 0.861342479176874
0 0.38292615975844085 0.7339539441450269 0.3955531155640955 0.7339539441450269 0.3955531155640955 0.8059774620284175 0.38292615975844085 0.8059774620284175
1 0.4133955531155641 0.8588926996570309 0.5668405160581939 0.8588926996570309 0.5668405160581939 0.8956393924546792 0.4133955531155641 0.8956393924546792
