0 0.00027397260273973045 0.7759295499021527 0.16273972602739725 0.7759295499021527 0.16273972602739725 0.9026418786692759 0.00027397260273973045 0.9026418786692759
0 0.2616438356164384 0.5944227005870841 0.3189041095890411 0.5944227005870841 0.3189041095890411 0.648238747553816 0.2616438356164384 0.648238747553816
0 0.1632876712328767 0.6492172211350293 0.26164383561643834 0.6492172211350293 0.26164383561643834 0.7818003913894325 0.1632876712328767 0.7818003913894325
0 0.42082191780821915 0.5768101761252447 0.42575342465753424 0.5768101761252447 0.42575342465753424 0.5851272015655578 0.42082191780821915 0.5851272015655578
0 0.11397260273972601 0.6785714285714286 0.176986301369863 0.6785714285714286 0.176986301369863 0.7348336594911937 0.11397260273972601 0.7348336594911937
0 0.34821917808219177 0.6252446183953033 0.3693150684931507 0.6252446183953033 0.3693150684931507 0.649706457925636 0.34821917808219177 0.649706457925636
0 0.5684931506849314 0.6873776908023483 0.6238356164383562 0.6873776908023483 0.6238356164383562 0.7441291585127201 0.5684931506849314 0.7441291585127201
0 0.5109589041095891 0.6291585127201565 0.5213698630136986 0.6291585127201565 0.5213698630136986 0.6658512720156556 0.5109589041095891 0.6658512720156556
0 0.3865753424657534 0.6237769080234833 0.3923287671232877 0.6237769080234833 0.3923287671232877 0.636986301369863 0.3865753424657534 0.636986301369863
0 0.19671232876712327 0.6095890410958904 0.2775342465753424 0.6095890410958904 0.2775342465753424 0.6668297455968688 0.19671232876712327 0.6668297455968688
