0 0.5841339555311557 0.9020088192062714 0.6472687345594291 0.9020088192062714 0.6472687345594291 0.9926506614404704 0.5841339555311557 0.9926506614404704
0 0.14383749656876202 0.6090151886330231 0.2624210815262147 0.6090151886330231 0.2624210815262147 0.7104360607545321 0.14383749656876202 0.7104360607545321
0 0.37084820203129293 0.6393924546790789 0.3804556684051606 0.6393924546790789 0.3804556684051606 0.6638902498775111 0.37084820203129293 0.6638902498775111
0 0.5451550919571782 0.8926996570308672 0.5959374142190503 0.8926996570308672 0.5959374142190503 0.9941205291523763 0.5451550919571782 0.9941205291523763
0 0.13340653307713424 0.621264086232239 0.2665385671150151 0.621264086232239 0.2665385671150151 0.7383635472807447 0.13340653307713424 0.7383635472807447
0 0.36014273950041176 0.5791278784909358 0.36947570683502606 0.5791278784909358 0.36947570683502606 0.602155805977462 0.36014273950041176 0.602155805977462
0 0.09332967334614328 0.7104360607545321 0.24842163052429317 0.7104360607545321 0.24842163052429317 0.9960803527682509 0.09332967334614328 0.9960803527682509
0 0.3230853692012078 0.6183243508084273 0.34724128465550375 0.6183243508084273 0.34724128465550375 0.6580107790298872 0.3230853692012078 0.6580107790298872
0 0.2849300027449904 0.6589906908378246 0.3024979412572056 0.6589906908378246 0.3024979412572056 0.691327780499755 0.2849300027449904 0.691327780499755
0 0.3236343672797145 0.581577658010779 0.3329673346143288 0.581577658010779 0.3329673346143288 0.5997060264576188 0.3236343672797145 0.5997060264576188
0 0.5056272303046939 0.8260656540911318 0.587427944002196 0.8260656540911318 0.587427944002196 0.932876041156296 0.5056272303046939 0.932876041156296
0 0.0013724951962668097 0.7364037236648702 0.13779851770518803 0.7364037236648702 0.13779851770518803 0.869671729544341 0.0013724951962668097 0.869671729544341
0 0.31539939610211365 0.596766291033807 0.3343398298105956 0.596766291033807 0.3343398298105956 0.6300832925036746 0.31539939610211365 0.6300832925036746
0 0.27449903925336266 0.5903968642822146 0.2950864671973648 0.5903968642822146 0.2950864671973648 0.6173444390004899 0.27449903925336266 0.6173444390004899
0 0.5144111995608016 0.7422831945124938 0.5531155640955256 0.7422831945124938 0.5531155640955256 0.8495835374816266 0.5144111995608016 0.8495835374816266
0 0.3895141367005216 0.7025967662910337 0.5028822399121603 0.7025967662910337 0.5028822399121603 0.993140617344439 0.3895141367005216 0.993140617344439
2 0.38237716167993413 0.5658990690837825 0.44496294262970076 0.5658990690837825 0.44496294262970076 0.6815286624203821 0.38237716167993413 0.6815286624203821
