3 0.8792079207920792 0.6304668304668304 0.9037128712871286 0.6304668304668304 0.9037128712871286 0.6476658476658477 0.8792079207920792 0.6476658476658477
3 0.7945544554455446 0.7287469287469288 0.8537128712871287 0.7287469287469288 0.8537128712871287 0.7828009828009828 0.7945544554455446 0.7828009828009828
3 0.6858910891089108 0.6515970515970516 0.7091584158415841 0.6515970515970516 0.7091584158415841 0.6648648648648648 0.6858910891089108 0.6648648648648648
3 0.8225247524752476 0.6265356265356266 0.8594059405940594 0.6265356265356266 0.8594059405940594 0.6574938574938576 0.8225247524752476 0.6574938574938576
3 0.727970297029703 0.6855036855036855 0.7797029702970296 0.6855036855036855 0.7797029702970296 0.7248157248157249 0.727970297029703 0.7248157248157249
3 0.8311881188118811 0.5886977886977887 0.8594059405940594 0.5886977886977887 0.8594059405940594 0.6113022113022113 0.8311881188118811 0.6113022113022113
3 0.9477722772277228 0.7754299754299754 1.0 0.7754299754299754 1.0 0.8329238329238329 0.9477722772277228 0.8329238329238329
3 0.8455445544554455 0.7036855036855036 0.8707920792079208 0.7036855036855036 0.8707920792079208 0.7253071253071253 0.8455445544554455 0.7253071253071253
3 0.8839108910891089 0.6103194103194103 0.9148514851485148 0.6103194103194103 0.9148514851485148 0.626044226044226 0.8839108910891089 0.626044226044226
3 0.7175742574257427 0.653071253071253 0.7371287128712871 0.653071253071253 0.7371287128712871 0.6599508599508599 0.7175742574257427 0.6599508599508599
