0 0.39424657534246577 0.6550880626223092 0.4421917808219178 0.6550880626223092 0.4421917808219178 0.9212328767123288 0.39424657534246577 0.9212328767123288
0 0.44493150684931504 0.723091976516634 0.4821917808219178 0.723091976516634 0.4821917808219178 0.9975538160469667 0.44493150684931504 0.9975538160469667
0 0.36986301369863017 0.836105675146771 0.39972602739726026 0.836105675146771 0.39972602739726026 0.889921722113503 0.36986301369863017 0.889921722113503
1 0.20575342465753424 0.6986301369863014 0.4821917808219178 0.6986301369863014 0.4821917808219178 0.7221135029354208 0.20575342465753424 0.7221135029354208
0 0.18547945205479452 0.6448140900195695 0.263013698630137 0.6448140900195695 0.263013698630137 0.7211350293542075 0.18547945205479452 0.7211350293542075
1 0.32794520547945205 0.6169275929549902 0.37068493150684934 0.6169275929549902 0.37068493150684934 0.6330724070450098 0.32794520547945205 0.6330724070450098
0 0.004931506849315065 0.6937377690802349 0.12904109589041096 0.6937377690802349 0.12904109589041096 0.7646771037181996 0.004931506849315065 0.7646771037181996
0 0.11205479452054795 0.6330724070450098 0.1934246575342466 0.6330724070450098 0.1934246575342466 0.6908023483365948 0.11205479452054795 0.6908023483365948
0 0.0 0.7641878669275929 0.07972602739726027 0.7641878669275929 0.07972602739726027 0.8160469667318982 0.0 0.8160469667318982
1 0.23150684931506849 0.6404109589041096 0.45945205479452056 0.6404109589041096 0.45945205479452056 0.6648727984344422 0.23150684931506849 0.6648727984344422
0 0.33643835616438356 0.6697651663405089 0.37123287671232874 0.6697651663405089 0.37123287671232874 0.8732876712328768 0.33643835616438356 0.8732876712328768
0 0.043835616438356165 0.9579256360078278 0.06821917808219179 0.9579256360078278 0.06821917808219179 0.9980430528375733 0.043835616438356165 0.9980430528375733
0 0.2287671232876712 0.8654598825831703 0.2695890410958904 0.8654598825831703 0.2695890410958904 0.9134050880626223 0.2287671232876712 0.9134050880626223
0 0.36328767123287675 0.6071428571428571 0.38465753424657534 0.6071428571428571 0.38465753424657534 0.6521526418786693 0.36328767123287675 0.6521526418786693
0 0.4095890410958904 0.6262230919765167 0.43616438356164383 0.6262230919765167 0.43616438356164383 0.7221135029354208 0.4095890410958904 0.7221135029354208
0 0.4797260273972602 0.7113502935420744 0.5243835616438356 0.7113502935420744 0.5243835616438356 0.8825831702544031 0.4797260273972602 0.8825831702544031
