0 0.4820203129289048 0.8294953454189122 0.5662915179796871 0.8294953454189122 0.5662915179796871 0.9941205291523763 0.4820203129289048 0.9941205291523763
0 0.3606917375789185 0.5776580107790299 0.40214109250617625 0.5776580107790299 0.40214109250617625 0.6320431161195492 0.3606917375789185 0.6320431161195492
0 0.39225912709305516 0.5379715825575698 0.424650013724952 0.5379715825575698 0.424650013724952 0.6344928956393924 0.39225912709305516 0.6344928956393924
0 0.09195717814987647 0.8593826555609996 0.18885533900631346 0.8593826555609996 0.18885533900631346 0.9970602645761881 0.09195717814987647 0.9970602645761881
1 0.0008234971177600858 0.7388535031847133 0.3513587702443041 0.7388535031847133 0.3513587702443041 0.8721215090641842 0.0008234971177600858 0.8721215090641842
0 0.24183365358221248 0.6893679568838804 0.37633818281636017 0.6893679568838804 0.37633818281636017 0.9990200881920628 0.24183365358221248 0.9990200881920628
0 0.24512764205325283 0.6011758941695247 0.3263793576722482 0.6011758941695247 0.3263793576722482 0.663890249877511 0.24512764205325283 0.663890249877511
0 0.4032390886631897 0.8059774620284175 0.49245127642053255 0.8059774620284175 0.49245127642053255 0.9965703086722195 0.4032390886631897 0.9965703086722195
1 0.1828163601427395 0.677609015188633 0.378534175130387 0.677609015188633 0.378534175130387 0.6903478686918177 0.1828163601427395 0.6903478686918177
2 0.371671699149053 0.6330230279274865 0.4817458138896514 0.6330230279274865 0.4817458138896514 0.8397844194022538 0.371671699149053 0.8397844194022538
0 0.13862201482294811 0.718765311121999 0.19434531979138076 0.718765311121999 0.19434531979138076 0.7731504164625184 0.13862201482294811 0.7731504164625184
