0 0.40958904109589045 0.6223091976516634 0.4328767123287671 0.6223091976516634 0.4328767123287671 0.6687866927592955 0.40958904109589045 0.6687866927592955
0 0.3989041095890411 0.6702544031311154 0.41013698630136985 0.6702544031311154 0.41013698630136985 0.7079256360078278 0.3989041095890411 0.7079256360078278
1 0.19726027397260273 0.5993150684931507 0.4273972602739726 0.5993150684931507 0.4273972602739726 0.6179060665362035 0.19726027397260273 0.6179060665362035
1 0.3353424657534247 0.6105675146771037 0.4115068493150685 0.6105675146771037 0.4115068493150685 0.6272015655577299 0.3353424657534247 0.6272015655577299
0 0.42383561643835616 0.5807240704500979 0.433972602739726 0.5807240704500979 0.433972602739726 0.6037181996086106 0.42383561643835616 0.6037181996086106
0 0.19753424657534246 0.7646771037181996 0.24410958904109586 0.7646771037181996 0.24410958904109586 0.8341487279843445 0.19753424657534246 0.8341487279843445
0 0.48739726027397257 0.7891389432485323 0.5123287671232877 0.7891389432485323 0.5123287671232877 0.8850293542074363 0.48739726027397257 0.8850293542074363
0 0.0 0.7808219178082192 0.05095890410958904 0.7808219178082192 0.05095890410958904 0.8679060665362035 0.0 0.8679060665362035
0 0.4419178082191781 0.6731898238747553 0.4608219178082192 0.6731898238747553 0.4608219178082192 0.7108610567514677 0.4419178082191781 0.7108610567514677
1 0.12465753424657533 0.6345401174168298 0.4780821917808219 0.6345401174168298 0.4780821917808219 0.6692759295499021 0.12465753424657533 0.6692759295499021
1 0.16493150684931507 0.6223091976516634 0.23506849315068495 0.6223091976516634 0.23506849315068495 0.6462818003913894 0.16493150684931507 0.6462818003913894
0 0.42712328767123287 0.711839530332681 0.4786301369863014 0.711839530332681 0.4786301369863014 0.8116438356164384 0.42712328767123287 0.8116438356164384
0 0.4093150684931507 0.9182974559686888 0.43041095890410963 0.9182974559686888 0.43041095890410963 0.9955968688845401 0.4093150684931507 0.9955968688845401
1 0.26109589041095893 0.5728962818003913 0.43452054794520545 0.5728962818003913 0.43452054794520545 0.586105675146771 0.26109589041095893 0.586105675146771
0 0.08958904109589041 0.8977495107632093 0.14136986301369864 0.8977495107632093 0.14136986301369864 0.9965753424657534 0.08958904109589041 0.9965753424657534
1 0.07835616438356163 0.6648727984344422 0.42794520547945203 0.6648727984344422 0.42794520547945203 0.7196673189823874 0.07835616438356163 0.7196673189823874
