0 0.21780821917808219 0.6061643835616438 0.28136986301369865 0.6061643835616438 0.28136986301369865 0.6775929549902152 0.21780821917808219 0.6775929549902152
1 0.38821917808219175 0.6697651663405088 0.4761643835616438 0.6697651663405088 0.4761643835616438 0.6829745596868885 0.38821917808219175 0.6829745596868885
0 0.28849315068493153 0.6697651663405088 0.35232876712328765 0.6697651663405088 0.35232876712328765 0.9951076320939335 0.28849315068493153 0.9951076320939335
0 0.13232876712328767 0.6404109589041096 0.19260273972602737 0.6404109589041096 0.19260273972602737 0.6756360078277885 0.13232876712328767 0.6756360078277885
0 0.003013698630136988 0.7573385518590998 0.030684931506849318 0.7573385518590998 0.030684931506849318 0.7857142857142858 0.003013698630136988 0.7857142857142858
0 0.09424657534246575 0.6785714285714286 0.12958904109589042 0.6785714285714286 0.12958904109589042 0.7093933463796478 0.09424657534246575 0.7093933463796478
0 0.2961643835616438 0.5885518590998043 0.3041095890410959 0.5885518590998043 0.3041095890410959 0.5978473581213307 0.2961643835616438 0.5978473581213307
0 0.09972602739726028 0.6800391389432485 0.18767123287671234 0.6800391389432485 0.18767123287671234 0.764187866927593 0.09972602739726028 0.764187866927593
0 0.3715068493150685 0.598825831702544 0.39479452054794517 0.598825831702544 0.39479452054794517 0.6673189823874756 0.3715068493150685 0.6673189823874756
0 0.3608219178082192 0.6692759295499021 0.3871232876712329 0.6692759295499021 0.3871232876712329 0.7681017612524462 0.3608219178082192 0.7681017612524462
0 0.3852054794520548 0.5151663405088063 0.3967123287671233 0.5151663405088063 0.3967123287671233 0.5362035225048924 0.3852054794520548 0.5362035225048924
0 0.3273972602739726 0.6051859099804305 0.3438356164383562 0.6051859099804305 0.3438356164383562 0.6624266144814089 0.3273972602739726 0.6624266144814089
0 0.030684931506849318 0.7054794520547945 0.09698630136986303 0.7054794520547945 0.09698630136986303 0.7583170254403131 0.030684931506849318 0.7583170254403131
0 0.025479452054794523 0.7617416829745597 0.09835616438356165 0.7617416829745597 0.09835616438356165 0.8228962818003914 0.025479452054794523 0.8228962818003914
