0 0.13450452923414769 0.6820186183243507 0.18007136975020588 0.6820186183243507 0.18007136975020588 0.7251347378735914 0.13450452923414769 0.7251347378735914
0 0.3433982981059566 0.5977462028417442 0.3508097721657974 0.5977462028417442 0.3508097721657974 0.6188143067123959 0.3433982981059566 0.6188143067123959
0 0.2887729892945375 0.7021068103870652 0.3057919297282459 0.7021068103870652 0.3057919297282459 0.72562469377756 0.2887729892945375 0.72562469377756
0 0.1696404062585781 0.679078882900539 0.27696953060664287 0.679078882900539 0.27696953060664287 0.8221460068593827 0.1696404062585781 0.8221460068593827
0 0.40927806752676366 0.7790298873101421 0.433708482020313 0.7790298873101421 0.433708482020313 0.9990200881920627 0.40927806752676366 0.9990200881920627
2 0.00027449903925336194 0.7246447819696227 0.17073840241559154 0.7246447819696227 0.17073840241559154 0.9294463498285155 0.00027449903925336194 0.9294463498285155
0 0.2901454844908043 0.6144047035766781 0.33159483941806206 0.6144047035766781 0.33159483941806206 0.6731994120529153 0.2901454844908043 0.6731994120529153
1 0.0 0.8775110240078393 0.5122152072467746 0.8775110240078393 0.5122152072467746 0.9990200881920627 0.0 0.9990200881920627
0 0.19050233324183363 0.6080352768250857 0.24842163052429317 0.6080352768250857 0.24842163052429317 0.6785889269965703 0.19050233324183363 0.6785889269965703
1 0.2506176228383201 0.5614894659480646 0.2725775459785891 0.5614894659480646 0.2725775459785891 0.5825575698187163 0.2506176228383201 0.5825575698187163
0 0.2736755421356025 0.6565409113179813 0.37167169914905296 0.6565409113179813 0.37167169914905296 0.9069083782459578 0.2736755421356025 0.9069083782459578
0 0.33379083173208896 0.7697207251347379 0.3768871808948669 0.7697207251347379 0.3768871808948669 0.9083782459578639 0.33379083173208896 0.9083782459578639
0 0.40351358770244306 0.5977462028417443 0.4622563821026626 0.5977462028417443 0.4622563821026626 0.7824595786379226 0.40351358770244306 0.7824595786379226
