0 0.5212736755421356 0.7579617834394905 0.5920944276695032 0.7579617834394905 0.5920944276695032 0.9975502204801567 0.5212736755421356 0.9975502204801567
0 0.3568487510293714 0.6682998530132288 0.368652209717266 0.6682998530132288 0.368652209717266 0.6869181773640373 0.3568487510293714 0.6869181773640373
1 0.24512764205325283 0.9093581577658011 0.2813615152346967 0.9093581577658011 0.2813615152346967 0.9245467907888291 0.24512764205325283 0.9245467907888291
0 0.306615426846006 0.776580107790299 0.3499862750480373 0.776580107790299 0.3499862750480373 0.8226359627633513 0.306615426846006 0.8226359627633513
0 0.4040625857809498 0.6609505144536991 0.4213560252539116 0.6609505144536991 0.4213560252539116 0.6927976482116609 0.4040625857809498 0.6927976482116609
0 0.5212736755421357 0.7128858402743753 0.5544880592917925 0.7128858402743753 0.5544880592917925 0.7893189612934836 0.5212736755421357 0.7893189612934836
0 0.31045841339555313 0.5835374816266535 0.3332418336535822 0.5835374816266535 0.3332418336535822 0.6050955414012739 0.31045841339555313 0.6050955414012739
0 0.20312928904748834 0.6491915727584517 0.27285204501784244 0.6491915727584517 0.27285204501784244 0.7177853993140618 0.20312928904748834 0.7177853993140618
0 0.4680208619269833 0.9397354238118569 0.4770793302223442 0.9397354238118569 0.4770793302223442 0.9975502204801567 0.4680208619269833 0.9975502204801567
0 0.2533626132308537 0.7849093581577659 0.29920395278616524 0.7849093581577659 0.29920395278616524 0.8520333170014699 0.2533626132308537 0.8520333170014699
0 0.48037331869338457 0.6849583537481626 0.5168816909140818 0.6849583537481626 0.5168816909140818 0.7609015188633023 0.48037331869338457 0.7609015188633023
0 0.443590447433434 0.6741793238608524 0.45484490804282185 0.6741793238608524 0.45484490804282185 0.705046545810877 0.443590447433434 0.705046545810877
0 0.2530881141916003 0.6614404703576677 0.30771342300301946 0.6614404703576677 0.30771342300301946 0.7236648701616855 0.2530881141916003 0.7236648701616855
0 0.45566840516058194 0.8858402743753062 0.4669228657699698 0.8858402743753062 0.4669228657699698 0.924546790788829 0.45566840516058194 0.924546790788829
0 0.49821575624485315 0.8672219500244979 0.513313203403788 0.8672219500244979 0.513313203403788 0.9093581577658011 0.49821575624485315 0.9093581577658011
0 0.24457864397474607 0.720235178833905 0.2723030469393357 0.720235178833905 0.2723030469393357 0.7726604605585496 0.24457864397474607 0.7726604605585496
0 0.37908317320889373 0.6320431161195492 0.4032390886631897 0.6320431161195492 0.4032390886631897 0.6727094561489466 0.37908317320889373 0.6727094561489466
0 0.4144935492725776 0.6016658500734934 0.43562997529508646 0.6016658500734934 0.43562997529508646 0.6398824105830475 0.4144935492725776 0.6398824105830475
0 0.2585780949766676 0.6016658500734934 0.27504803733186933 0.6016658500734934 0.27504803733186933 0.6148946594806467 0.2585780949766676 0.6148946594806467
0 0.1504254735108427 0.6178343949044586 0.26351907768322813 0.6178343949044586 0.26351907768322813 0.7128858402743753 0.1504254735108427 0.7128858402743753
2 0.28657699698051053 0.5683488486036257 0.3195168816909141 0.5683488486036257 0.3195168816909141 0.5957863792258697 0.28657699698051053 0.5957863792258697
0 0.3318693384573154 0.5972562469377757 0.3379083173208894 0.5972562469377757 0.3379083173208894 0.6144047035766781 0.3318693384573154 0.6144047035766781
0 0.21905023332418339 0.5957863792258696 0.2723030469393357 0.5957863792258696 0.2723030469393357 0.6359627633512984 0.21905023332418339 0.6359627633512984
0 0.5668405160581937 0.8456638902498775 0.641229755695855 0.8456638902498775 0.641229755695855 0.9941205291523764 0.5668405160581937 0.9941205291523764
0 0.4306889925885259 0.7853993140617345 0.4542959099643151 0.7853993140617345 0.4542959099643151 0.9980401763841255 0.4306889925885259 0.9980401763841255
0 0.00027449903925336194 0.7070063694267517 0.15015097447158934 0.7070063694267517 0.15015097447158934 0.8603625673689368 0.00027449903925336194 0.8603625673689368
