0 0.09552566566017018 0.6756491915727584 0.23387318144386493 0.6756491915727584 0.23387318144386493 0.7697207251347379 0.09552566566017018 0.7697207251347379
0 0.306615426846006 0.7398334149926507 0.3428493000274499 0.7398334149926507 0.3428493000274499 0.7986281234688879 0.306615426846006 0.7986281234688879
0 0.46472687345594293 0.7025967662910338 0.47900082349711776 0.7025967662910338 0.47900082349711776 0.7574718275355218 0.46472687345594293 0.7574718275355218
0 0.3488882788910239 0.6849583537481626 0.3697502058742794 0.6849583537481626 0.3697502058742794 0.7221950024497795 0.3488882788910239 0.7221950024497795
0 0.29014548449080424 0.72562469377756 0.31622289321987374 0.72562469377756 0.31622289321987374 0.7731504164625184 0.29014548449080424 0.7731504164625184
0 0.15234696678561627 0.8049975502204801 0.2333241833653582 0.8049975502204801 0.2333241833653582 0.9069083782459578 0.15234696678561627 0.9069083782459578
0 0.6017018940433708 0.9250367466927977 0.6576996980510569 0.9250367466927977 0.6576996980510569 0.9985301322880941 0.6017018940433708 0.9985301322880941
0 0.4523744166895416 0.7697207251347379 0.45786439747460883 0.7697207251347379 0.45786439747460883 0.7853993140617345 0.4523744166895416 0.7853993140617345
0 0.29975295086467196 0.6281234688878 0.3137524018665934 0.6281234688878 0.3137524018665934 0.6462518373346399 0.29975295086467196 0.6462518373346399
0 0.21301125446060937 0.6438020578147966 0.2959099643151249 0.6438020578147966 0.2959099643151249 0.7153356197942186 0.21301125446060937 0.7153356197942186
0 0.5424101015646445 0.8613424791768741 0.5973099094153171 0.8613424791768741 0.5973099094153171 0.9951004409603136 0.5424101015646445 0.9951004409603136
0 0.0008234971177600858 0.7609015188633024 0.14438649464726874 0.7609015188633024 0.14438649464726874 0.895639392454679 0.0008234971177600858 0.895639392454679
0 0.4021410925061762 0.8446839784419402 0.4304144935492726 0.8446839784419402 0.4304144935492726 0.9985301322880942 0.4021410925061762 0.9985301322880942
