0 0.2367123287671233 0.7999021526418787 0.2545205479452055 0.7999021526418787 0.2545205479452055 0.8180039138943248 0.2367123287671233 0.8180039138943248
0 0.27671232876712326 0.711839530332681 0.2893150684931507 0.711839530332681 0.2893150684931507 0.7348336594911937 0.27671232876712326 0.7348336594911937
0 0.4054794520547945 0.5958904109589042 0.42602739726027394 0.5958904109589042 0.42602739726027394 0.6291585127201565 0.4054794520547945 0.6291585127201565
0 0.2534246575342466 0.7191780821917808 0.2668493150684932 0.7191780821917808 0.2668493150684932 0.7480430528375734 0.2534246575342466 0.7480430528375734
1 0.2742465753424657 0.7764187866927593 0.41534246575342465 0.7764187866927593 0.41534246575342465 0.7984344422700588 0.2742465753424657 0.7984344422700588
2 0.4073972602739726 0.6472602739726028 0.5441095890410959 0.6472602739726028 0.5441095890410959 0.9921722113502935 0.4073972602739726 0.9921722113502935
0 0.14246575342465753 0.6203522504892368 0.22931506849315067 0.6203522504892368 0.22931506849315067 0.6888454011741684 0.14246575342465753 0.6888454011741684
0 0.0 0.6898238747553815 0.14136986301369864 0.6898238747553815 0.14136986301369864 0.7959882583170255 0.0 0.7959882583170255
0 0.2761643835616438 0.6785714285714286 0.29534246575342465 0.6785714285714286 0.29534246575342465 0.7025440313111546 0.2761643835616438 0.7025440313111546
1 0.2761643835616438 0.8992172211350294 0.4115068493150685 0.8992172211350294 0.4115068493150685 0.9182974559686888 0.2761643835616438 0.9182974559686888
