0 0.5094702168542411 0.5903968642822146 0.5443315948394181 0.5903968642822146 0.5443315948394181 0.6908378245957865 0.5094702168542411 0.6908378245957865
0 0.5155091957178151 0.8588926996570309 0.5511940708207521 0.8588926996570309 0.5511940708207521 0.9990200881920627 0.5155091957178151 0.9990200881920627
0 0.5168816909140819 0.5173934345908868 0.5542135602525391 0.5173934345908868 0.5542135602525391 0.540421362077413 0.5168816909140819 0.540421362077413
0 0.11144660993686523 0.7457128858402744 0.17540488608289873 0.7457128858402744 0.17540488608289873 0.7966682998530132 0.11144660993686523 0.7966682998530132
1 0.42629700796047215 0.8731014208721215 0.46472687345594293 0.8731014208721215 0.46472687345594293 0.8931896129348358 0.42629700796047215 0.8931896129348358
0 0.2591270930551743 0.636452719255267 0.3862201482294812 0.636452719255267 0.3862201482294812 0.8245957863792258 0.2591270930551743 0.8245957863792258
1 0.39637661268185564 0.5526702596766291 0.46719736480922314 0.5526702596766291 0.46719736480922314 0.5786379225869671 0.39637661268185564 0.5786379225869671
0 0.5127642053252814 0.5414012738853503 0.5377436178973374 0.5414012738853503 0.5377436178973374 0.5820676139147477 0.5127642053252814 0.5820676139147477
0 0.5448805929179248 0.5051445369916708 0.5591545429590996 0.5051445369916708 0.5591545429590996 0.5159235668789809 0.5448805929179248 0.5159235668789809
0 0.0019214932747735336 0.7986281234688879 0.09113368103211639 0.7986281234688879 0.09113368103211639 0.8858402743753062 0.0019214932747735336 0.8858402743753062
0 0.4608838869063958 0.5810877021068104 0.5146856986000549 0.5810877021068104 0.5146856986000549 0.6634002939735424 0.4608838869063958 0.6634002939735424
0 0.31896788361240735 0.5438510534051936 0.4488059291792479 0.5438510534051936 0.4488059291792479 0.6246937775600195 0.31896788361240735 0.6246937775600195
