1 0.22948119681581114 0.7697207251347379 0.32555586055448804 0.7697207251347379 0.32555586055448804 0.8059774620284174 0.22948119681581114 0.8059774620284174
1 0.0 0.965703086722195 0.10019214932747736 0.965703086722195 0.10019214932747736 0.9975502204801567 0.0 0.9975502204801567
0 0.25583310458413394 0.8706516413522783 0.29398847104035136 0.8706516413522783 0.29398847104035136 0.9990200881920627 0.25583310458413394 0.9990200881920627
0 0.2797145209991765 0.705046545810877 0.3453197913807302 0.705046545810877 0.3453197913807302 0.8461538461538463 0.2797145209991765 0.8461538461538463
0 0.4010430963491628 0.6540911317981382 0.44057095800164703 0.6540911317981382 0.44057095800164703 0.7584517393434591 0.4010430963491628 0.7584517393434591
1 0.0771342300301949 0.705046545810877 0.3258303595937414 0.705046545810877 0.3258303595937414 0.8020578147966684 0.0771342300301949 0.8020578147966684
1 0.3881416415042548 0.9245467907888291 0.5907219324732363 0.9245467907888291 0.5907219324732363 0.9990200881920627 0.3881416415042548 0.9990200881920627
1 0.3401043096349163 0.7197452229299363 0.42849300027449905 0.7197452229299363 0.42849300027449905 0.7315041646251838 0.3401043096349163 0.7315041646251838
0 0.3908866318967884 0.5889269965703087 0.41010156464452374 0.5889269965703087 0.41010156464452374 0.6496815286624203 0.3908866318967884 0.6496815286624203
1 0.43837496568762013 0.7212150906418423 0.4962942629700796 0.7212150906418423 0.4962942629700796 0.7344439000489956 0.43837496568762013 0.7344439000489956
0 0.3258303595937414 0.5742283194512494 0.37304419434531977 0.5742283194512494 0.37304419434531977 0.7045565899069084 0.3258303595937414 0.7045565899069084
