0 0.2130112544606094 0.6114649681528662 0.2585780949766676 0.6114649681528662 0.2585780949766676 0.6374326310632042 0.2130112544606094 0.6374326310632042
2 0.40131759538841616 0.5379715825575698 0.4246500137249519 0.5379715825575698 0.4246500137249519 0.5791278784909358 0.40131759538841616 0.5791278784909358
0 0.08180071369750207 0.7927486526212641 0.1636014273950041 0.7927486526212641 0.1636014273950041 0.9529642332190102 0.08180071369750207 0.9529642332190102
0 0.07987922042272852 0.9191572758451739 0.11995608015371947 0.9191572758451739 0.11995608015371947 0.9965703086722194 0.07987922042272852 0.9965703086722194
0 0.20175679385122153 0.6491915727584517 0.2368926708756519 0.6491915727584517 0.2368926708756519 0.6859382655561 0.20175679385122153 0.6859382655561
0 0.2610485863299478 0.5673689367956883 0.3326928355750755 0.5673689367956883 0.3326928355750755 0.6295933365997061 0.2610485863299478 0.6295933365997061
0 0.2981059566291518 0.5703086722195002 0.3046939335712325 0.5703086722195002 0.3046939335712325 0.5850073493385596 0.2981059566291518 0.5850073493385596
0 0.15811144660993687 0.6354728074473297 0.22591270930551743 0.6354728074473297 0.22591270930551743 0.6727094561489466 0.15811144660993687 0.6727094561489466
0 0.0019214932747735336 0.6810387065164135 0.168816909140818 0.6810387065164135 0.168816909140818 0.8020578147966683 0.0019214932747735336 0.8020578147966683
0 0.1482294811968158 0.6707496325330721 0.23991216030743892 0.6707496325330721 0.23991216030743892 0.7991180793728564 0.1482294811968158 0.7991180793728564
0 0.15426846006038977 0.8309652131308183 0.1740323908866319 0.8309652131308183 0.1740323908866319 0.8799608035276825 0.15426846006038977 0.8799608035276825
0 0.0 0.7437530622243997 0.13642602250892122 0.7437530622243997 0.13642602250892122 0.8633023027927487 0.0 0.8633023027927487
0 0.3944551194070821 0.6766291033806957 0.4943727696953061 0.6766291033806957 0.4943727696953061 0.9524742773150416 0.3944551194070821 0.9524742773150416
0 0.23744166895415864 0.5869671729544341 0.2832830085094702 0.5869671729544341 0.2832830085094702 0.6178343949044587 0.23744166895415864 0.6178343949044587
0 0.17348339280812516 0.72562469377756 0.3099094153170464 0.72562469377756 0.3099094153170464 0.9990200881920627 0.17348339280812516 0.9990200881920627
