0 0.25260273972602737 0.5851272015655576 0.33013698630136984 0.5851272015655576 0.33013698630136984 0.7304305283757339 0.25260273972602737 0.7304305283757339
0 0.4558904109589041 0.9510763209393347 0.4758904109589041 0.9510763209393347 0.4758904109589041 0.9990215264187867 0.4558904109589041 0.9990215264187867
0 0.000547945205479447 0.7563600782778864 0.17123287671232879 0.7563600782778864 0.17123287671232879 0.8713307240704501 0.000547945205479447 0.8713307240704501
0 0.44438356164383563 0.6682974559686888 0.45287671232876714 0.6682974559686888 0.45287671232876714 0.6942270058708414 0.44438356164383563 0.6942270058708414
0 0.4065753424657534 0.5347358121330724 0.4115068493150685 0.5347358121330724 0.4115068493150685 0.560665362035225 0.4065753424657534 0.560665362035225
0 0.45095890410958905 0.7142857142857142 0.5336986301369863 0.7142857142857142 0.5336986301369863 1.0 0.45095890410958905 1.0
0 0.4252054794520548 0.8297455968688845 0.452054794520548 0.8297455968688845 0.452054794520548 0.9823874755381605 0.4252054794520548 0.9823874755381605
1 0.22767123287671232 0.7318982387475539 0.34191780821917805 0.7318982387475539 0.34191780821917805 0.8126223091976517 0.22767123287671232 0.8126223091976517
0 0.3953424657534247 0.5347358121330724 0.39972602739726026 0.5347358121330724 0.39972602739726026 0.5572407045009785 0.3953424657534247 0.5572407045009785
0 0.10219178082191781 0.9134050880626223 0.15205479452054793 0.9134050880626223 0.15205479452054793 0.99559686888454 0.10219178082191781 0.99559686888454
2 0.396986301369863 0.48972602739726023 0.4117808219178082 0.48972602739726023 0.4117808219178082 0.5371819960861056 0.396986301369863 0.5371819960861056
0 0.35342465753424657 0.5200587084148729 0.3654794520547945 0.5200587084148729 0.3654794520547945 0.5543052837573386 0.35342465753424657 0.5543052837573386
0 0.4095890410958904 0.5587084148727984 0.42273972602739723 0.5587084148727984 0.42273972602739723 0.6125244618395304 0.4095890410958904 0.6125244618395304
0 0.403013698630137 0.5934442270058709 0.4534246575342466 0.5934442270058709 0.4534246575342466 0.7196673189823874 0.403013698630137 0.7196673189823874
