2 0.009881965413121058 0.8074473297403234 0.24183365358221245 0.8074473297403234 0.24183365358221245 0.9985301322880941 0.009881965413121058 0.9985301322880941
2 0.3678287125995059 0.5316021558059775 0.4205325281361515 0.5316021558059775 0.4205325281361515 0.61734443900049 0.3678287125995059 0.61734443900049
2 0.3982981059566292 0.6403723664870162 0.45045292341476806 0.6403723664870162 0.45045292341476806 0.6952474277315042 0.3982981059566292 0.6952474277315042
0 0.5676640131759539 0.9426751592356688 0.5898984353554763 0.9426751592356688 0.5898984353554763 0.9951004409603135 0.5676640131759539 0.9951004409603135
1 0.3461432884984903 0.5820676139147477 0.3620642327751853 0.5820676139147477 0.3620642327751853 0.5884370406663401 0.3461432884984903 0.5884370406663401
0 0.33159483941806206 0.5658990690837824 0.3480647817732638 0.5658990690837824 0.3480647817732638 0.5943165115139637 0.33159483941806206 0.5943165115139637
0 0.07850672522646171 0.6727094561489466 0.16469942355201755 0.6727094561489466 0.16469942355201755 0.7589416952474277 0.07850672522646171 0.7589416952474277
0 0.0021959923140269025 0.7731504164625184 0.05325281361515235 0.7731504164625184 0.05325281361515235 0.8388045075943166 0.0021959923140269025 0.8388045075943166
0 0.30661542684600607 0.6335129838314552 0.3266538567115015 0.6335129838314552 0.3266538567115015 0.6589906908378246 0.30661542684600607 0.6589906908378246
0 0.17540488608289873 0.5825575698187163 0.2709305517430689 0.5825575698187163 0.2709305517430689 0.6717295443410093 0.17540488608289873 0.6717295443410093
