0 0.1240735657425199 0.7246447819696227 0.16936590721932474 0.7246447819696227 0.16936590721932474 0.7741303282704557 0.1240735657425199 0.7741303282704557
0 0.07246774636288772 0.8603625673689368 0.15811144660993687 0.8603625673689368 0.15811144660993687 0.993140617344439 0.07246774636288772 0.993140617344439
0 0.39363162228932197 0.5262126408623224 0.40159209442766947 0.5262126408623224 0.40159209442766947 0.5492405683488486 0.39363162228932197 0.5492405683488486
0 0.34449629426297007 0.5472807447329741 0.35273126544057093 0.5472807447329741 0.35273126544057093 0.5546300832925036 0.34449629426297007 0.5546300832925036
0 0.3908866318967884 0.7030867221950025 0.4068075761734834 0.7030867221950025 0.4068075761734834 0.7609015188633023 0.3908866318967884 0.7609015188633023
0 0.43288498490255284 0.8549730524252817 0.45813889651386225 0.8549730524252817 0.45813889651386225 1.0 0.43288498490255284 1.0
0 0.24018665934669226 0.5810877021068104 0.31979138073016744 0.5810877021068104 0.31979138073016744 0.6545810877021068 0.24018665934669226 0.6545810877021068
0 0.29920395278616524 0.6060754532092112 0.32445786439747465 0.6060754532092112 0.32445786439747465 0.6516413522782949 0.29920395278616524 0.6516413522782949
0 0.12132857534998627 0.801077902988731 0.221795223716717 0.801077902988731 0.221795223716717 0.9975502204801568 0.12132857534998627 0.9975502204801568
0 0.3867691463079879 0.5546300832925036 0.40378808674169636 0.5546300832925036 0.40378808674169636 0.6055854973052425 0.3867691463079879 0.6055854973052425
0 0.3255558605544881 0.562469377756002 0.34092780675267637 0.562469377756002 0.34092780675267637 0.5756981871631554 0.3255558605544881 0.5756981871631554
0 0.00027449903925336194 0.7364037236648702 0.13258303595937415 0.7364037236648702 0.13258303595937415 0.8554630083292503 0.00027449903925336194 0.8554630083292503
0 0.18611034861377984 0.669279764821166 0.29536096623661817 0.669279764821166 0.29536096623661817 0.8143067123958844 0.18611034861377984 0.8143067123958844
0 0.41833653582212466 0.7785399314061734 0.43700247049135327 0.7785399314061734 0.43700247049135327 0.8667319941205291 0.41833653582212466 0.8667319941205291
