0 0.3591780821917808 0.5802348336594912 0.3646575342465753 0.5802348336594912 0.3646575342465753 0.5963796477495108 0.3591780821917808 0.5963796477495108
0 0.36164383561643837 0.6272015655577299 0.3693150684931507 0.6272015655577299 0.3693150684931507 0.6472602739726028 0.36164383561643837 0.6472602739726028
0 0.329041095890411 0.5435420743639923 0.33397260273972607 0.5435420743639923 0.33397260273972607 0.5543052837573386 0.329041095890411 0.5543052837573386
0 0.21232876712328766 0.9217221135029354 0.24986301369863015 0.9217221135029354 0.24986301369863015 0.9975538160469668 0.21232876712328766 0.9975538160469668
0 0.2991780821917808 0.6144814090019569 0.3115068493150685 0.6144814090019569 0.3115068493150685 0.6316046966731897 0.2991780821917808 0.6316046966731897
0 0.3764383561643836 0.7318982387475538 0.3865753424657534 0.7318982387475538 0.3865753424657534 0.7852250489236791 0.3764383561643836 0.7852250489236791
0 0.11534246575342466 0.7842465753424658 0.2273972602739726 0.7842465753424658 0.2273972602739726 0.9975538160469667 0.11534246575342466 0.9975538160469667
0 0.19315068493150683 0.5660469667318982 0.29342465753424657 0.5660469667318982 0.29342465753424657 0.6418786692759296 0.19315068493150683 0.6418786692759296
0 0.33369863013698625 0.5572407045009785 0.34164383561643835 0.5572407045009785 0.34164383561643835 0.5645792563600783 0.33369863013698625 0.5645792563600783
0 0.2978082191780822 0.6457925636007829 0.35287671232876716 0.6457925636007829 0.35287671232876716 0.7177103718199609 0.2978082191780822 0.7177103718199609
