2 0.45424657534246576 0.6457925636007829 0.5657534246575342 0.6457925636007829 0.5657534246575342 0.9941291585127201 0.45424657534246576 0.9941291585127201
0 0.366027397260274 0.6037181996086105 0.3838356164383562 0.6037181996086105 0.3838356164383562 0.6345401174168297 0.366027397260274 0.6345401174168297
1 0.2832876712328767 0.5870841487279843 0.42712328767123287 0.5870841487279843 0.42712328767123287 0.610078277886497 0.2832876712328767 0.610078277886497
0 0.2189041095890411 0.6213307240704501 0.2906849315068493 0.6213307240704501 0.2906849315068493 0.6775929549902152 0.2189041095890411 0.6775929549902152
0 0.27671232876712326 0.6169275929549902 0.3183561643835616 0.6169275929549902 0.3183561643835616 0.648238747553816 0.27671232876712326 0.648238747553816
0 0.03397260273972602 0.9153620352250489 0.07835616438356165 0.9153620352250489 0.07835616438356165 0.9907045009784736 0.03397260273972602 0.9907045009784736
0 0.4038356164383562 0.6071428571428571 0.41205479452054794 0.6071428571428571 0.41205479452054794 0.6692759295499021 0.4038356164383562 0.6692759295499021
0 0.09945205479452054 0.7607632093933464 0.19013698630136985 0.7607632093933464 0.19013698630136985 0.9036203522504892 0.09945205479452054 0.9036203522504892
0 0.09150684931506849 0.7573385518590998 0.12630136986301368 0.7573385518590998 0.12630136986301368 0.8111545988258317 0.09150684931506849 0.8111545988258317
0 0.15863013698630138 0.6775929549902153 0.17232876712328768 0.6775929549902153 0.17232876712328768 0.6966731898238747 0.15863013698630138 0.6966731898238747
0 0.33123287671232876 0.6462818003913894 0.3871232876712329 0.6462818003913894 0.3871232876712329 0.7764187866927593 0.33123287671232876 0.7764187866927593
0 0.4008219178082192 0.5753424657534246 0.42000000000000004 0.5753424657534246 0.42000000000000004 0.6002935420743639 0.4008219178082192 0.6002935420743639
0 0.33643835616438356 0.5758317025440314 0.356986301369863 0.5758317025440314 0.356986301369863 0.6179060665362035 0.33643835616438356 0.6179060665362035
0 0.0024657534246575324 0.812133072407045 0.07315068493150685 0.812133072407045 0.07315068493150685 0.9319960861056751 0.0024657534246575324 0.9319960861056751
2 0.42383561643835616 0.5606653620352251 0.47506849315068495 0.5606653620352251 0.47506849315068495 0.6467710371819961 0.42383561643835616 0.6467710371819961
0 0.21972602739726027 0.7725048923679061 0.26575342465753427 0.7725048923679061 0.26575342465753427 0.8419765166340509 0.21972602739726027 0.8419765166340509
0 0.37095890410958904 0.5704500978473581 0.3882191780821918 0.5704500978473581 0.3882191780821918 0.5968688845401173 0.37095890410958904 0.5968688845401173
0 0.43232876712328766 0.6438356164383562 0.44465753424657534 0.6438356164383562 0.44465753424657534 0.670743639921722 0.43232876712328766 0.670743639921722
0 0.15342465753424658 0.7025440313111546 0.16931506849315067 0.7025440313111546 0.16931506849315067 0.7255381604696673 0.15342465753424658 0.7255381604696673
0 0.11643835616438356 0.8561643835616438 0.17780821917808218 0.8561643835616438 0.17780821917808218 0.9882583170254403 0.11643835616438356 0.9882583170254403
