1 0.22219178082191782 0.9104696673189824 0.29698630136986304 0.9104696673189824 0.29698630136986304 0.9960861056751468 0.22219178082191782 0.9960861056751468
0 0.4402739726027397 0.788160469667319 0.4501369863013699 0.788160469667319 0.4501369863013699 0.8439334637964775 0.4402739726027397 0.8439334637964775
2 0.3904109589041096 0.6795499021526419 0.41753424657534244 0.6795499021526419 0.41753424657534244 0.7915851272015655 0.3904109589041096 0.7915851272015655
0 0.4621917808219178 0.7842465753424658 0.4824657534246576 0.7842465753424658 0.4824657534246576 0.8395303326810176 0.4621917808219178 0.8395303326810176
0 0.2945205479452055 0.660958904109589 0.3701369863013699 0.660958904109589 0.3701369863013699 0.7128180039138944 0.2945205479452055 0.7128180039138944
0 0.2978082191780822 0.7142857142857143 0.35287671232876716 0.7142857142857143 0.35287671232876716 0.9026418786692759 0.2978082191780822 0.9026418786692759
1 0.2975342465753425 0.8405088062622309 0.4654794520547945 0.8405088062622309 0.4654794520547945 0.9197651663405088 0.2975342465753425 0.9197651663405088
0 0.3838356164383561 0.821917808219178 0.4002739726027397 0.821917808219178 0.4002739726027397 0.8664383561643836 0.3838356164383561 0.8664383561643836
1 0.3646575342465753 0.6364970645792564 0.4586301369863014 0.6364970645792564 0.4586301369863014 0.6614481409001957 0.3646575342465753 0.6614481409001957
0 0.09753424657534246 0.7128180039138944 0.29260273972602735 0.7128180039138944 0.29260273972602735 0.9168297455968689 0.09753424657534246 0.9168297455968689
