0 0.4158660444688444 0.5433610975012249 0.42629700796047215 0.5433610975012249 0.42629700796047215 0.5644292013718766 0.4158660444688444 0.5644292013718766
0 0.39418062036782875 0.5634492895639391 0.409552566566017 0.5634492895639391 0.409552566566017 0.6031357177853993 0.39418062036782875 0.6031357177853993
0 0.34394729618446335 0.6163645271925527 0.403513587702443 0.6163645271925527 0.403513587702443 0.6648701616854483 0.34394729618446335 0.6648701616854483
0 0.0 0.781969622733954 0.11721108976118584 0.781969622733954 0.11721108976118584 0.8770210681038707 0.0 0.8770210681038707
0 0.0 0.7084762371386575 0.199835300576448 0.7084762371386575 0.199835300576448 0.9333659970602646 0.0 0.9333659970602646
0 0.39637661268185564 0.625673689367957 0.4551194070820752 0.625673689367957 0.4551194070820752 0.6335129838314552 0.39637661268185564 0.6335129838314552
0 0.32775185286851494 0.943655071043606 0.3541037606368378 0.943655071043606 0.3541037606368378 0.9975502204801567 0.32775185286851494 0.9975502204801567
0 0.2003842986549547 0.6193042626163645 0.3121054076310733 0.6193042626163645 0.3121054076310733 0.7148456638902498 0.2003842986549547 0.7148456638902498
0 0.21548174581388965 0.6619304262616365 0.33132034037880864 0.6619304262616365 0.33132034037880864 0.8392944634982852 0.21548174581388965 0.8392944634982852
0 0.3947296184463355 0.7305242528172464 0.4133955531155641 0.7305242528172464 0.4133955531155641 0.8187163155316022 0.3947296184463355 0.8187163155316022
0 0.368652209717266 0.828515433610975 0.4054350809772166 0.828515433610975 0.4054350809772166 0.9495345418912298 0.368652209717266 0.9495345418912298
0 0.4317869887455394 0.7079862812346889 0.4468844359044743 0.7079862812346889 0.4468844359044743 0.737873591376776 0.4317869887455394 0.737873591376776
