1 0.0010958904109589218 0.8184931506849316 0.530958904109589 0.8184931506849316 0.530958904109589 0.8532289628180039 0.0010958904109589218 0.8532289628180039
0 0.4035616438356165 0.5944227005870842 0.4106849315068493 0.5944227005870842 0.4106849315068493 0.6056751467710372 0.4035616438356165 0.6056751467710372
0 0.08958904109589041 0.8605675146771037 0.1756164383561644 0.8605675146771037 0.1756164383561644 0.9975538160469668 0.08958904109589041 0.9975538160469668
2 0.4956164383561643 0.7279843444227005 0.5526027397260274 0.7279843444227005 0.5526027397260274 0.8297455968688845 0.4956164383561643 0.8297455968688845
0 0.41671232876712333 0.5949119373776908 0.4210958904109589 0.5949119373776908 0.4210958904109589 0.6032289628180039 0.41671232876712333 0.6032289628180039
0 0.3906849315068493 0.5826810176125244 0.3991780821917808 0.5826810176125244 0.3991780821917808 0.5914872798434442 0.3906849315068493 0.5914872798434442
0 0.39534246575342463 0.5308219178082192 0.4057534246575342 0.5308219178082192 0.4057534246575342 0.547945205479452 0.39534246575342463 0.547945205479452
2 0.5367123287671233 0.8287671232876712 0.5786301369863013 0.8287671232876712 0.5786301369863013 0.9217221135029354 0.5367123287671233 0.9217221135029354
0 0.3923287671232877 0.5934442270058709 0.3994520547945205 0.5934442270058709 0.3994520547945205 0.601761252446184 0.3923287671232877 0.601761252446184
0 0.4536986301369863 0.6717221135029354 0.4695890410958904 0.6717221135029354 0.4695890410958904 0.6859099804305284 0.4536986301369863 0.6859099804305284
0 0.4013698630136986 0.5655577299412916 0.40821917808219177 0.5655577299412916 0.40821917808219177 0.5807240704500979 0.4013698630136986 0.5807240704500979
