0 0.4189041095890411 0.5680039138943249 0.4273972602739726 0.5680039138943249 0.4273972602739726 0.5856164383561644 0.4189041095890411 0.5856164383561644
0 0.4073972602739726 0.5836594911937377 0.41260273972602735 0.5836594911937377 0.41260273972602735 0.5978473581213307 0.4073972602739726 0.5978473581213307
0 0.4106849315068493 0.692270058708415 0.4241095890410959 0.692270058708415 0.4241095890410959 0.7181996086105675 0.4106849315068493 0.7181996086105675
0 0.40493150684931506 0.6095890410958904 0.43232876712328766 0.6095890410958904 0.43232876712328766 0.6438356164383561 0.40493150684931506 0.6438356164383561
0 0.3567123287671233 0.7157534246575342 0.3876712328767123 0.7157534246575342 0.3876712328767123 0.7930528375733855 0.3567123287671233 0.7930528375733855
1 0.412054794520548 0.6433463796477495 0.4673972602739726 0.6433463796477495 0.4673972602739726 0.6575342465753425 0.412054794520548 0.6575342465753425
0 0.4249315068493151 0.5371819960861057 0.433972602739726 0.5371819960861057 0.433972602739726 0.5714285714285714 0.4249315068493151 0.5714285714285714
0 0.3819178082191781 0.6697651663405089 0.3923287671232877 0.6697651663405089 0.3923287671232877 0.7030332681017613 0.3819178082191781 0.7030332681017613
0 0.41013698630136985 0.7832681017612525 0.5065753424657534 0.7832681017612525 0.5065753424657534 0.9965753424657534 0.41013698630136985 0.9965753424657534
1 0.3917808219178082 0.6932485322896282 0.4106849315068493 0.6932485322896282 0.4106849315068493 0.7035225048923679 0.3917808219178082 0.7035225048923679
0 0.4161643835616438 0.595890410958904 0.42575342465753424 0.595890410958904 0.42575342465753424 0.6183953033268101 0.4161643835616438 0.6183953033268101
0 0.2917808219178082 0.7602739726027398 0.4123287671232877 0.7602739726027398 0.4123287671232877 0.9946183953033269 0.2917808219178082 0.9946183953033269
0 0.40356164383561643 0.6585127201565558 0.42657534246575346 0.6585127201565558 0.42657534246575346 0.6839530332681018 0.40356164383561643 0.6839530332681018
1 0.27808219178082194 0.6355185909980431 0.4104109589041096 0.6355185909980431 0.4104109589041096 0.6580234833659492 0.27808219178082194 0.6580234833659492
0 0.5419178082191781 0.815068493150685 0.5827397260273973 0.815068493150685 0.5827397260273973 0.9329745596868885 0.5419178082191781 0.9329745596868885
0 0.4438356164383562 0.7142857142857143 0.4673972602739726 0.7142857142857143 0.4673972602739726 0.7710371819960861 0.4438356164383562 0.7710371819960861
0 0.4221917808219178 0.660958904109589 0.4547945205479452 0.660958904109589 0.4547945205479452 0.7084148727984344 0.4221917808219178 0.7084148727984344
0 0.41479452054794524 0.7274951076320939 0.4438356164383562 0.7274951076320939 0.4438356164383562 0.898238747553816 0.41479452054794524 0.898238747553816
