0 0.27834202580290973 0.6482116609505144 0.3000274499039253 0.6482116609505144 0.3000274499039253 0.6825085742283195 0.27834202580290973 0.6825085742283195
0 0.37304419434531977 0.6261636452719256 0.4147680483118309 0.6261636452719256 0.4147680483118309 0.7349338559529642 0.37304419434531977 0.7349338559529642
0 0.09936865220971727 0.8040176384125428 0.13972001097996156 0.8040176384125428 0.13972001097996156 0.8662420382165605 0.09936865220971727 0.8662420382165605
0 0.22920669777655778 0.6457618814306713 0.27065605270381554 0.6457618814306713 0.27065605270381554 0.7780499755022049 0.22920669777655778 0.7780499755022049
0 0.34586878945923694 0.6271435570798629 0.36096623661817184 0.6271435570798629 0.36096623661817184 0.6697697207251347 0.34586878945923694 0.6697697207251347
0 0.42190502333241836 0.779029887310142 0.4650013724951963 0.779029887310142 0.4650013724951963 0.9970602645761881 0.42190502333241836 0.9970602645761881
1 0.015371946198188297 0.7373836354728074 0.49601976393082625 0.7373836354728074 0.49601976393082625 0.7775600195982362 0.015371946198188297 0.7775600195982362
2 0.07795772714795499 0.8946594806467418 0.1888553390063135 0.8946594806467418 0.1888553390063135 1.0 0.07795772714795499 1.0
0 0.3782596760911337 0.7770700636942675 0.418611034861378 0.7770700636942675 0.418611034861378 0.9951004409603136 0.3782596760911337 0.9951004409603136
0 0.14740598407905572 0.7790298873101421 0.20587427944002198 0.7790298873101421 0.20587427944002198 0.8765311121999021 0.14740598407905572 0.8765311121999021
