0 0.4208070271754049 0.6046055854973053 0.4680208619269833 0.6046055854973053 0.4680208619269833 0.7726604605585498 0.4208070271754049 0.7726604605585498
0 0.28081251715619 0.677609015188633 0.29343947296184464 0.677609015188633 0.29343947296184464 0.7329740323370896 0.28081251715619 0.7329740323370896
0 0.16167993412023057 0.6398824105830475 0.1976393082624211 0.6398824105830475 0.1976393082624211 0.6815286624203821 0.16167993412023057 0.6815286624203821
0 0.47241284655503707 0.9593336599706026 0.4886082898709854 0.9593336599706026 0.4886082898709854 0.9902008819206272 0.47241284655503707 0.9902008819206272
0 0.24924512764205325 0.7231749142577167 0.306615426846006 0.7231749142577167 0.306615426846006 0.9348358647721705 0.24924512764205325 0.9348358647721705
0 0.318693384573154 0.5825575698187162 0.33928081251715614 0.5825575698187162 0.33928081251715614 0.6825085742283195 0.318693384573154 0.6825085742283195
0 0.5130387043645347 0.7266046055854973 0.53225363711227 0.7266046055854973 0.53225363711227 0.768250857422832 0.5130387043645347 0.768250857422832
0 0.5830359593741421 0.8549730524252818 0.6335437825967609 0.8549730524252818 0.6335437825967609 0.986281234688878 0.5830359593741421 0.986281234688878
1 0.6417787537743619 0.9691327780499756 0.6807576173483393 0.9691327780499756 0.6807576173483393 0.9882410583047526 0.6417787537743619 0.9882410583047526
0 0.46719736480922314 0.8182263596276336 0.5037057370299204 0.8182263596276336 0.5037057370299204 0.9617834394904459 0.46719736480922314 0.9617834394904459
0 0.47131485039802357 0.7628613424791769 0.49519626681306617 0.7628613424791769 0.49519626681306617 0.8245957863792258 0.47131485039802357 0.8245957863792258
0 0.21987373044194347 0.6016658500734934 0.2503431237990667 0.6016658500734934 0.2503431237990667 0.6570308672219499 0.21987373044194347 0.6570308672219499
0 0.0005489980785067239 0.6888780009799118 0.1710129014548449 0.6888780009799118 0.1710129014548449 0.9946104850563449 0.0005489980785067239 0.9946104850563449
0 0.4940982706560527 0.6849583537481627 0.5017842437551469 0.6849583537481627 0.5017842437551469 0.7138657520823126 0.4940982706560527 0.7138657520823126
0 0.26846006038978865 0.9265066144047035 0.28877298929453743 0.9265066144047035 0.28877298929453743 0.9955903968642822 0.26846006038978865 0.9955903968642822
