0 0.37068493150684934 0.5420743639921721 0.3953424657534247 0.5420743639921721 0.3953424657534247 0.5856164383561644 0.37068493150684934 0.5856164383561644
0 0.4021917808219178 0.7950097847358121 0.4180821917808219 0.7950097847358121 0.4180821917808219 0.8806262230919765 0.4021917808219178 0.8806262230919765
0 0.38602739726027396 0.6506849315068494 0.39534246575342463 0.6506849315068494 0.39534246575342463 0.6658512720156556 0.38602739726027396 0.6658512720156556
1 0.0030136986301369795 0.8253424657534246 0.37917808219178084 0.8253424657534246 0.37917808219178084 0.920743639921722 0.0030136986301369795 0.920743639921722
0 0.3838356164383562 0.7857142857142857 0.40164383561643835 0.7857142857142857 0.40164383561643835 0.9980430528375733 0.3838356164383562 0.9980430528375733
1 0.3805479452054794 0.8708414872798435 0.5682191780821918 0.8708414872798435 0.5682191780821918 0.9085127201565558 0.3805479452054794 0.9085127201565558
0 0.3854794520547945 0.6022504892367906 0.39972602739726026 0.6022504892367906 0.39972602739726026 0.614481409001957 0.3854794520547945 0.614481409001957
0 0.3789041095890411 0.6707436399217221 0.3854794520547945 0.6707436399217221 0.3854794520547945 0.6888454011741683 0.3789041095890411 0.6888454011741683
0 0.4021917808219178 0.5919765166340508 0.40876712328767123 0.5919765166340508 0.40876712328767123 0.6276908023483366 0.4021917808219178 0.6276908023483366
0 0.3989041095890411 0.6286692759295499 0.4243835616438356 0.6286692759295499 0.4243835616438356 0.7832681017612525 0.3989041095890411 0.7832681017612525
0 0.17561643835616436 0.5684931506849314 0.2893150684931507 0.5684931506849314 0.2893150684931507 0.6614481409001957 0.17561643835616436 0.6614481409001957
0 0.3767123287671233 0.6917808219178082 0.38986301369863013 0.6917808219178082 0.38986301369863013 0.7255381604696672 0.3767123287671233 0.7255381604696672
0 0.001095890410958908 0.6599804305283757 0.18109589041095892 0.6599804305283757 0.18109589041095892 0.7959882583170254 0.001095890410958908 0.7959882583170254
