0 0.18219178082191778 0.6433463796477494 0.3063013698630137 0.6433463796477494 0.3063013698630137 0.9990215264187867 0.18219178082191778 0.9990215264187867
0 0.23205479452054792 0.7480430528375733 0.30246575342465754 0.7480430528375733 0.30246575342465754 0.9965753424657534 0.23205479452054792 0.9965753424657534
0 0.31095890410958904 0.5523483365949119 0.32684931506849313 0.5523483365949119 0.32684931506849313 0.5900195694716243 0.31095890410958904 0.5900195694716243
0 0.26109589041095893 0.6262230919765166 0.26767123287671235 0.6262230919765166 0.26767123287671235 0.6413894324853229 0.26109589041095893 0.6413894324853229
0 0.40493150684931506 0.8649706457925636 0.41534246575342465 0.8649706457925636 0.41534246575342465 0.958904109589041 0.40493150684931506 0.958904109589041
2 0.0 0.7255381604696673 0.17643835616438355 0.7255381604696673 0.17643835616438355 0.9447162426614482 0.0 0.9447162426614482
1 0.21452054794520548 0.675146771037182 0.28712328767123285 0.675146771037182 0.28712328767123285 0.7279843444227007 0.21452054794520548 0.7279843444227007
0 0.2728767123287671 0.6208414872798435 0.28465753424657536 0.6208414872798435 0.28465753424657536 0.6428571428571429 0.2728767123287671 0.6428571428571429
2 0.1473972602739726 0.662426614481409 0.20986301369863014 0.662426614481409 0.20986301369863014 0.7245596868884541 0.1473972602739726 0.7245596868884541
1 0.38054794520547947 0.8781800391389432 0.4041095890410959 0.8781800391389432 0.4041095890410959 0.9060665362035225 0.38054794520547947 0.9060665362035225
0 0.30712328767123287 0.6423679060665362 0.32301369863013696 0.6423679060665362 0.32301369863013696 0.7279843444227005 0.30712328767123287 0.7279843444227005
