0 0.4468493150684932 0.6433463796477495 0.47013698630136985 0.6433463796477495 0.47013698630136985 0.7235812133072407 0.4468493150684932 0.7235812133072407
0 0.0 0.6795499021526419 0.2010958904109589 0.6795499021526419 0.2010958904109589 0.8522504892367906 0.0 0.8522504892367906
1 0.24246575342465754 0.611545988258317 0.31534246575342467 0.611545988258317 0.31534246575342467 0.6237769080234834 0.24246575342465754 0.6237769080234834
0 0.35753424657534244 0.5802348336594912 0.3673972602739726 0.5802348336594912 0.3673972602739726 0.5973581213307241 0.35753424657534244 0.5973581213307241
0 0.49150684931506844 0.796477495107632 0.5334246575342465 0.796477495107632 0.5334246575342465 0.9104696673189824 0.49150684931506844 0.9104696673189824
0 0.3819178082191781 0.5552837573385518 0.3884931506849315 0.5552837573385518 0.3884931506849315 0.5631115459882583 0.3819178082191781 0.5631115459882583
0 0.48410958904109586 0.7367906066536204 0.5284931506849315 0.7367906066536204 0.5284931506849315 0.8321917808219178 0.48410958904109586 0.8321917808219178
0 0.4693150684931507 0.7250489236790607 0.49095890410958903 0.7250489236790607 0.49095890410958903 0.7994129158512719 0.4693150684931507 0.7994129158512719
0 0.5293150684931507 0.8321917808219178 0.5980821917808219 0.8321917808219178 0.5980821917808219 0.9980430528375733 0.5293150684931507 0.9980430528375733
1 0.27945205479452057 0.5924657534246576 0.3594520547945205 0.5924657534246576 0.3594520547945205 0.6012720156555773 0.27945205479452057 0.6012720156555773
0 0.532054794520548 0.9124266144814089 0.567945205479452 0.9124266144814089 0.567945205479452 0.9955968688845401 0.532054794520548 0.9955968688845401
1 0.3852054794520548 0.5631115459882583 0.39589041095890415 0.5631115459882583 0.39589041095890415 0.5650684931506849 0.3852054794520548 0.5650684931506849
0 0.4712328767123288 0.7045009784735812 0.48054794520547944 0.7045009784735812 0.48054794520547944 0.7279843444227005 0.4712328767123288 0.7279843444227005
