0 0.1915068493150685 0.7353228962818004 0.2432876712328767 0.7353228962818004 0.2432876712328767 0.8287671232876712 0.1915068493150685 0.8287671232876712
0 0.010136986301369853 0.6927592954990215 0.12136986301369862 0.6927592954990215 0.12136986301369862 0.7915851272015656 0.010136986301369853 0.7915851272015656
0 0.5268493150684931 0.9212328767123287 0.563013698630137 0.9212328767123287 0.563013698630137 0.9965753424657534 0.5268493150684931 0.9965753424657534
0 0.2906849315068493 0.5728962818003913 0.30219178082191783 0.5728962818003913 0.30219178082191783 0.600293542074364 0.2906849315068493 0.600293542074364
0 0.039178082191780816 0.7915851272015656 0.19068493150684931 0.7915851272015656 0.19068493150684931 0.9804305283757339 0.039178082191780816 0.9804305283757339
0 0.23205479452054795 0.6966731898238748 0.24602739726027395 0.6966731898238748 0.24602739726027395 0.7221135029354208 0.23205479452054795 0.7221135029354208
0 0.3306849315068493 0.5440313111545988 0.33479452054794523 0.5440313111545988 0.33479452054794523 0.5675146771037182 0.3306849315068493 0.5675146771037182
0 0.3158904109589041 0.5841487279843445 0.3254794520547945 0.5841487279843445 0.3254794520547945 0.6086105675146771 0.3158904109589041 0.6086105675146771
0 0.18958904109589042 0.7113502935420744 0.22904109589041094 0.7113502935420744 0.22904109589041094 0.7480430528375734 0.18958904109589042 0.7480430528375734
0 0.14082191780821918 0.7617416829745597 0.19753424657534246 0.7617416829745597 0.19753424657534246 0.8326810176125244 0.14082191780821918 0.8326810176125244
0 0.28876712328767123 0.601761252446184 0.29424657534246573 0.601761252446184 0.29424657534246573 0.6183953033268101 0.28876712328767123 0.6183953033268101
0 0.12328767123287673 0.6320939334637965 0.1926027397260274 0.6320939334637965 0.1926027397260274 0.6961839530332681 0.12328767123287673 0.6961839530332681
0 0.30136986301369867 0.6066536203522505 0.3065753424657534 0.6066536203522505 0.3065753424657534 0.6281800391389433 0.30136986301369867 0.6281800391389433
0 0.24876712328767123 0.6316046966731899 0.30767123287671233 0.6316046966731899 0.30767123287671233 0.7196673189823874 0.24876712328767123 0.7196673189823874
0 0.3095890410958904 0.5851272015655578 0.3134246575342466 0.5851272015655578 0.3134246575342466 0.595890410958904 0.3095890410958904 0.595890410958904
0 0.2761643835616438 0.6022504892367906 0.2906849315068493 0.6022504892367906 0.2906849315068493 0.6345401174168297 0.2761643835616438 0.6345401174168297
2 0.21041095890410957 0.5870841487279844 0.2591780821917808 0.5870841487279844 0.2591780821917808 0.6296477495107632 0.21041095890410957 0.6296477495107632
1 0.5583561643835616 0.9486301369863014 0.6161643835616438 0.9486301369863014 0.6161643835616438 0.9789628180039139 0.5583561643835616 0.9789628180039139
0 0.30356164383561646 0.5777886497064579 0.3063013698630137 0.5777886497064579 0.3063013698630137 0.5885518590998042 0.30356164383561646 0.5885518590998042
0 0.2580821917808219 0.5753424657534247 0.2715068493150685 0.5753424657534247 0.2715068493150685 0.586105675146771 0.2580821917808219 0.586105675146771
