0 0.4295890410958904 0.6095890410958904 0.45479452054794517 0.6095890410958904 0.45479452054794517 0.6438356164383561 0.4295890410958904 0.6438356164383561
1 0.3419178082191781 0.6810176125244618 0.3701369863013699 0.6810176125244618 0.3701369863013699 0.6961839530332681 0.3419178082191781 0.6961839530332681
0 0.41205479452054794 0.6462818003913894 0.44493150684931504 0.6462818003913894 0.44493150684931504 0.7446183953033269 0.41205479452054794 0.7446183953033269
0 0.43945205479452054 0.75293542074364 0.452054794520548 0.75293542074364 0.452054794520548 0.786692759295499 0.43945205479452054 0.786692759295499
0 0.43753424657534246 0.7881604696673189 0.4495890410958904 0.7881604696673189 0.4495890410958904 0.8321917808219178 0.43753424657534246 0.8321917808219178
0 0.3975342465753425 0.6462818003913895 0.4082191780821918 0.6462818003913895 0.4082191780821918 0.6868884540117417 0.3975342465753425 0.6868884540117417
0 0.4657534246575343 0.8419765166340509 0.48547945205479454 0.8419765166340509 0.48547945205479454 0.9980430528375734 0.4657534246575343 0.9980430528375734
1 0.3424657534246575 0.6002935420743639 0.4145205479452055 0.6002935420743639 0.4145205479452055 0.6457925636007827 0.3424657534246575 0.6457925636007827
0 0.3786301369863014 0.6751467710371819 0.3838356164383561 0.6751467710371819 0.3838356164383561 0.6868884540117417 0.3786301369863014 0.6868884540117417
1 0.45287671232876714 0.689334637964775 0.483013698630137 0.689334637964775 0.483013698630137 0.7059686888454012 0.45287671232876714 0.7059686888454012
0 0.2572602739726027 0.9182974559686888 0.33506849315068493 0.9182974559686888 0.33506849315068493 0.9990215264187866 0.2572602739726027 0.9990215264187866
0 0.3980821917808219 0.7035225048923679 0.40876712328767123 0.7035225048923679 0.40876712328767123 0.7446183953033267 0.3980821917808219 0.7446183953033267
