0 0.20587427944002196 0.6060754532092112 0.2723030469393357 0.6060754532092112 0.2723030469393357 0.6766291033806957 0.20587427944002196 0.6766291033806957
0 0.35657425199011805 0.5791278784909358 0.37825967609113365 0.5791278784909358 0.37825967609113365 0.625673689367957 0.35657425199011805 0.625673689367957
0 0.19105133132034038 0.6785889269965703 0.26708756519352184 0.6785889269965703 0.26708756519352184 0.7638412542871141 0.19105133132034038 0.7638412542871141
0 0.02168542410101565 0.8554630083292504 0.12242657150699973 0.8554630083292504 0.12242657150699973 0.9563939245467908 0.02168542410101565 0.9563939245467908
0 0.17018940433708482 0.7658010779029887 0.2465001372495196 0.7658010779029887 0.2465001372495196 0.9044585987261147 0.17018940433708482 0.9044585987261147
0 0.3274773538292616 0.5585497305242528 0.35794674718638486 0.5585497305242528 0.35794674718638486 0.622733953944145 0.3274773538292616 0.622733953944145
0 0.14713148503980236 0.7809897109260167 0.193796321712874 0.7809897109260167 0.193796321712874 0.8427241548260656 0.14713148503980236 0.8427241548260656
0 0.003293988471040357 0.7849093581577657 0.12874004940982708 0.7849093581577657 0.12874004940982708 0.8515433610975012 0.003293988471040357 0.8515433610975012
0 0.09305517430688992 0.679078882900539 0.20642327751852868 0.679078882900539 0.20642327751852868 0.779029887310142 0.09305517430688992 0.779029887310142
0 0.05956629151797968 0.8975992160705536 0.17265989569036508 0.8975992160705536 0.17265989569036508 0.9916707496325331 0.05956629151797968 0.9916707496325331
0 0.39720010979961573 0.6678098971092601 0.4090035684875103 0.6678098971092601 0.4090035684875103 0.6854483096521313 0.39720010979961573 0.6854483096521313
2 0.44029645896239367 0.8388045075943165 0.5102937139720011 0.8388045075943165 0.5102937139720011 0.8662420382165605 0.44029645896239367 0.8662420382165605
2 0.24842163052429314 0.7496325330720235 0.449629426297008 0.7496325330720235 0.449629426297008 0.9470847623713865 0.24842163052429314 0.9470847623713865
