0 0.10321163875926434 0.8858402743753062 0.1674444139445512 0.8858402743753062 0.1674444139445512 1.0 0.10321163875926434 1.0
1 0.3708482020312929 0.7814796668299853 0.4111995608015372 0.7814796668299853 0.4111995608015372 0.7898089171974523 0.3708482020312929 0.7898089171974523
1 0.08921218775734285 0.7535521803037726 0.20999176502882239 0.7535521803037726 0.20999176502882239 0.7996080352768251 0.08921218775734285 0.7996080352768251
1 0.21410925061762284 0.6403723664870161 0.4153170463903376 0.6403723664870161 0.4153170463903376 0.6722195002449779 0.21410925061762284 0.6722195002449779
1 0.34779028273401047 0.6883880450759432 0.4081800713697502 0.6883880450759432 0.4081800713697502 0.7109260166585007 0.34779028273401047 0.7109260166585007
0 0.0 0.7692307692307692 0.13121054076310734 0.7692307692307692 0.13121054076310734 0.9294463498285155 0.0 0.9294463498285155
0 0.1674444139445512 0.8236158745712885 0.23112819105133134 0.8236158745712885 0.23112819105133134 0.9397354238118569 0.1674444139445512 0.9397354238118569
1 0.19626681306615426 0.6874081332680059 0.290694482569311 0.6874081332680059 0.290694482569311 0.6962273395394415 0.19626681306615426 0.6962273395394415
0 0.19489431786988745 0.6972072513473787 0.21712874004940982 0.6972072513473787 0.21712874004940982 0.7212150906418423 0.19489431786988745 0.7212150906418423
1 0.20944276695031566 0.8020578147966683 0.25446060938786713 0.8020578147966683 0.25446060938786713 0.8196962273395395 0.20944276695031566 0.8196962273395395
1 0.3362613230853692 0.581577658010779 0.3963766126818556 0.581577658010779 0.3963766126818556 0.5962763351298384 0.3362613230853692 0.5962763351298384
0 0.2327751852868515 0.733953944145027 0.29892945374691193 0.733953944145027 0.29892945374691193 0.9637432631063204 0.2327751852868515 0.9637432631063204
0 0.2923414768048312 0.6780989710926016 0.3455942904199835 0.6780989710926016 0.3455942904199835 0.7403233708966194 0.2923414768048312 0.7403233708966194
1 0.11638759264342576 0.7138657520823126 0.3055174306889926 0.7138657520823126 0.3055174306889926 0.7471827535521802 0.11638759264342576 0.7471827535521802
1 0.0013724951962668097 0.9559039686428221 0.1065056272303047 0.9559039686428221 0.1065056272303047 0.9647231749142577 0.0013724951962668097 0.9647231749142577
