0 0.3947945205479452 0.6697651663405088 0.403013698630137 0.6697651663405088 0.403013698630137 0.7059686888454012 0.3947945205479452 0.7059686888454012
0 0.392054794520548 0.5929549902152642 0.4010958904109589 0.5929549902152642 0.4010958904109589 0.6105675146771037 0.392054794520548 0.6105675146771037
0 0.4632876712328767 0.8732876712328766 0.5024657534246575 0.8732876712328766 0.5024657534246575 0.9975538160469667 0.4632876712328767 0.9975538160469667
0 0.4147945205479452 0.675146771037182 0.4575342465753425 0.675146771037182 0.4575342465753425 0.8698630136986302 0.4147945205479452 0.8698630136986302
2 0.2465753424657534 0.6467710371819961 0.31643835616438354 0.6467710371819961 0.31643835616438354 0.6947162426614482 0.2465753424657534 0.6947162426614482
0 0.3868493150684931 0.6144814090019569 0.39534246575342463 0.6144814090019569 0.39534246575342463 0.6267123287671234 0.3868493150684931 0.6267123287671234
0 0.36 0.5968688845401173 0.36328767123287675 0.5968688845401173 0.36328767123287675 0.6095890410958904 0.36 0.6095890410958904
0 0.20575342465753427 0.702054794520548 0.2821917808219178 0.702054794520548 0.2821917808219178 0.8052837573385518 0.20575342465753427 0.8052837573385518
0 0.1421917808219178 0.8194716242661447 0.2158904109589041 0.8194716242661447 0.2158904109589041 0.9569471624266145 0.1421917808219178 0.9569471624266145
0 0.39917808219178086 0.6257338551859101 0.413972602739726 0.6257338551859101 0.413972602739726 0.6599804305283757 0.39917808219178086 0.6599804305283757
0 0.31205479452054796 0.6007827788649707 0.32602739726027397 0.6007827788649707 0.32602739726027397 0.6262230919765166 0.31205479452054796 0.6262230919765166
