0 0.3386301369863014 0.8605675146771038 0.35232876712328765 0.8605675146771038 0.35232876712328765 0.9178082191780822 0.3386301369863014 0.9178082191780822
0 0.35698630136986303 0.6824853228962817 0.37205479452054796 0.6824853228962817 0.37205479452054796 0.8209393346379648 0.35698630136986303 0.8209393346379648
0 0.33671232876712326 0.9569471624266145 0.34904109589041094 0.9569471624266145 0.34904109589041094 0.9965753424657534 0.33671232876712326 0.9965753424657534
0 0.2761643835616438 0.6580234833659492 0.29534246575342465 0.6580234833659492 0.29534246575342465 0.6917808219178082 0.2761643835616438 0.6917808219178082
0 0.3632876712328767 0.6590019569471623 0.3895890410958904 0.6590019569471623 0.3895890410958904 0.6942270058708415 0.3632876712328767 0.6942270058708415
2 0.3745205479452055 0.5406066536203522 0.39972602739726026 0.5406066536203522 0.39972602739726026 0.662426614481409 0.3745205479452055 0.662426614481409
0 0.3852054794520548 0.7759295499021527 0.42273972602739723 0.7759295499021527 0.42273972602739723 0.9975538160469667 0.3852054794520548 0.9975538160469667
0 0.32410958904109594 0.7681017612524461 0.33506849315068493 0.7681017612524461 0.33506849315068493 0.8209393346379648 0.32410958904109594 0.8209393346379648
0 0.10876712328767123 0.6012720156555773 0.2452054794520548 0.6012720156555773 0.2452054794520548 0.7235812133072408 0.10876712328767123 0.7235812133072408
0 0.013424657534246577 0.7186888454011742 0.10356164383561645 0.7186888454011742 0.10356164383561645 0.8033268101761253 0.013424657534246577 0.8033268101761253
0 0.43616438356164383 0.950587084148728 0.450958904109589 0.950587084148728 0.450958904109589 0.9975538160469667 0.43616438356164383 0.9975538160469667
0 0.35808219178082196 0.8336594911937377 0.3871232876712329 0.8336594911937377 0.3871232876712329 0.8948140900195695 0.35808219178082196 0.8948140900195695
0 0.24794520547945204 0.5450097847358121 0.3095890410958904 0.5450097847358121 0.3095890410958904 0.598825831702544 0.24794520547945204 0.598825831702544
0 0.08767123287671233 0.8723091976516634 0.11917808219178083 0.8723091976516634 0.11917808219178083 0.9178082191780822 0.08767123287671233 0.9178082191780822
0 0.13616438356164384 0.7793542074363992 0.17424657534246574 0.7793542074363992 0.17424657534246574 0.8101761252446184 0.13616438356164384 0.8101761252446184
0 0.39972602739726026 0.6575342465753425 0.4093150684931507 0.6575342465753425 0.4093150684931507 0.7152641878669276 0.39972602739726026 0.7152641878669276
