0 0.00027449903925336194 0.7398334149926507 0.23414768048311832 0.7398334149926507 0.23414768048311832 0.9309162175404213 0.00027449903925336194 0.9309162175404213
1 0.14713148503980233 0.8035276825085742 0.3151248970628603 0.8035276825085742 0.3151248970628603 0.836844683978442 0.14713148503980233 0.836844683978442
0 0.39225912709305516 0.5884370406663401 0.42053252813615155 0.5884370406663401 0.42053252813615155 0.6589906908378246 0.39225912709305516 0.6589906908378246
1 0.0 0.7648211660950514 0.4872357946747186 0.7648211660950514 0.4872357946747186 0.9985301322880941 0.0 0.9985301322880941
0 0.2445786439747461 0.5987261146496816 0.377710678012627 0.5987261146496816 0.377710678012627 0.7844194022537971 0.2445786439747461 0.7844194022537971
0 0.42300301948943175 0.6286134247917687 0.44688443590447435 0.6286134247917687 0.44688443590447435 0.7609015188633024 0.42300301948943175 0.7609015188633024
0 0.4567664013175954 0.6727094561489466 0.4792753225363712 0.6727094561489466 0.4792753225363712 0.735423811856933 0.4567664013175954 0.735423811856933
0 0.5108427120505078 0.8192062714355708 0.581388965138622 0.8192062714355708 0.581388965138622 0.9965703086722195 0.5108427120505078 0.9965703086722195
0 0.41778753774361793 0.8402743753062225 0.434531979138073 0.8402743753062225 0.434531979138073 0.8824105830475257 0.41778753774361793 0.8824105830475257
0 0.1232500686247598 0.5776580107790299 0.33818281636014275 0.5776580107790299 0.33818281636014275 0.8143067123958843 0.1232500686247598 0.8143067123958843
0 0.48641229755695853 0.8603625673689368 0.5278616524842162 0.8603625673689368 0.5278616524842162 0.9990200881920628 0.48641229755695853 0.9990200881920628
0 0.2797145209991765 0.6565409113179814 0.3947296184463355 0.6565409113179814 0.3947296184463355 1.0 0.2797145209991765 1.0
