1 0.35835616438356166 0.611545988258317 0.4378082191780822 0.611545988258317 0.4378082191780822 0.6237769080234834 0.35835616438356166 0.6237769080234834
0 0.4024657534246575 0.5665362035225049 0.413972602739726 0.5665362035225049 0.413972602739726 0.6007827788649706 0.4024657534246575 0.6007827788649706
1 0.25232876712328767 0.6306262230919766 0.29205479452054794 0.6306262230919766 0.29205479452054794 0.6394324853228963 0.25232876712328767 0.6394324853228963
0 0.4605479452054794 0.8478473581213307 0.4758904109589041 0.8478473581213307 0.4758904109589041 0.944716242661448 0.4605479452054794 0.944716242661448
1 0.804931506849315 0.6340508806262232 0.8950684931506849 0.6340508806262232 0.8950684931506849 0.6516634050880626 0.804931506849315 0.6516634050880626
0 0.24684931506849317 0.7265166340508806 0.2668493150684932 0.7265166340508806 0.2668493150684932 0.75 0.24684931506849317 0.75
0 0.4005479452054794 0.6022504892367906 0.4093150684931507 0.6022504892367906 0.4093150684931507 0.6164383561643836 0.4005479452054794 0.6164383561643836
0 0.17123287671232879 0.660958904109589 0.20986301369863014 0.660958904109589 0.20986301369863014 0.6888454011741684 0.17123287671232879 0.6888454011741684
1 0.8575342465753425 0.6448140900195695 0.9115068493150685 0.6448140900195695 0.9115068493150685 0.6663405088062623 0.8575342465753425 0.6663405088062623
0 0.2621917808219178 0.788160469667319 0.2742465753424657 0.788160469667319 0.2742465753424657 0.8150684931506849 0.2621917808219178 0.8150684931506849
0 0.2794520547945205 0.7309197651663405 0.30356164383561646 0.7309197651663405 0.30356164383561646 0.7798434442270058 0.2794520547945205 0.7798434442270058
1 0.3049315068493151 0.6570450097847358 0.45972602739726026 0.6570450097847358 0.45972602739726026 0.6692759295499022 0.3049315068493151 0.6692759295499022
0 0.3101369863013699 0.6648727984344422 0.3238356164383561 0.6648727984344422 0.3238356164383561 0.6883561643835616 0.3101369863013699 0.6883561643835616
2 0.3265753424657534 0.5846379647749511 0.3567123287671233 0.5846379647749511 0.3567123287671233 0.6276908023483365 0.3265753424657534 0.6276908023483365
1 0.06465753424657533 0.7147749510763209 0.48054794520547944 0.7147749510763209 0.48054794520547944 0.7314090019569471 0.06465753424657533 0.7314090019569471
1 0.27260273972602744 0.6908023483365948 0.4158904109589041 0.6908023483365948 0.4158904109589041 0.7035225048923679 0.27260273972602744 0.7035225048923679
0 0.4397260273972603 0.786692759295499 0.45095890410958905 0.786692759295499 0.45095890410958905 0.8263209393346379 0.4397260273972603 0.8263209393346379
