0 0.4669228657699698 0.7349338559529642 0.5418611034861378 0.7349338559529642 0.5418611034861378 0.8216560509554139 0.4669228657699698 0.8216560509554139
0 0.01564644523744166 0.6727094561489466 0.23991216030743892 0.6727094561489466 0.23991216030743892 0.9044585987261147 0.01564644523744166 0.9044585987261147
1 0.1630524293164974 0.7246447819696228 0.46417787537743616 0.7246447819696228 0.46417787537743616 0.7638412542871141 0.1630524293164974 0.7638412542871141
1 0.2665385671150151 0.6016658500734934 0.37469118858083994 0.6016658500734934 0.37469118858083994 0.6369426751592356 0.2665385671150151 0.6369426751592356
0 0.35355476255833107 0.72562469377756 0.40708207521273676 0.72562469377756 0.40708207521273676 0.9980401763841255 0.35355476255833107 0.9980401763841255
0 0.39857260499588254 0.5438510534051936 0.4210815262146582 0.5438510534051936 0.4210815262146582 0.5948064674179324 0.39857260499588254 0.5948064674179324
0 0.07795772714795499 0.6222439980401764 0.32692835575075485 0.6222439980401764 0.32692835575075485 0.9446349828515435 0.07795772714795499 0.9446349828515435
0 0.3919846280538018 0.7270945614894659 0.44715893494372766 0.7270945614894659 0.44715893494372766 0.802547770700637 0.3919846280538018 0.802547770700637
0 0.37524018665934666 0.602155805977462 0.41147405984079055 0.602155805977462 0.41147405984079055 0.7025967662910338 0.37524018665934666 0.7025967662910338
0 0.42574800988196543 0.6403723664870161 0.4707658523195169 0.6403723664870161 0.4707658523195169 0.7545320921117099 0.42574800988196543 0.7545320921117099
0 0.36316222893219874 0.5438510534051936 0.3917101290145485 0.5438510534051936 0.3917101290145485 0.6055854973052425 0.36316222893219874 0.6055854973052425
0 0.4111995608015372 0.6104850563449289 0.425473510842712 0.6104850563449289 0.425473510842712 0.6536011758941696 0.4111995608015372 0.6536011758941696
0 0.34614328849849024 0.6580107790298874 0.37633818281636017 0.6580107790298874 0.37633818281636017 0.7261146496815286 0.34614328849849024 0.7261146496815286
