0 0.42382651660719184 0.7109260166585007 0.4523744166895416 0.7109260166585007 0.4523744166895416 0.7648211660950515 0.42382651660719184 0.7648211660950515
0 0.14630798792204228 0.6918177364037237 0.18967883612407357 0.6918177364037237 0.18967883612407357 0.7280744732974032 0.14630798792204228 0.7280744732974032
0 0.34477079330222343 0.6139147476727095 0.35190776832281084 0.6139147476727095 0.35190776832281084 0.6330230279274865 0.34477079330222343 0.6330230279274865
0 0.30688992588525943 0.5830475257226849 0.3293988471040351 0.5830475257226849 0.3293988471040351 0.6232239098481137 0.30688992588525943 0.6232239098481137
0 0.4581388965138622 0.7579617834394904 0.5509195717814988 0.7579617834394904 0.5509195717814988 0.9990200881920627 0.4581388965138622 0.9990200881920627
1 0.324732363436728 0.5756981871631554 0.38210266264068077 0.5756981871631554 0.38210266264068077 0.5918667319941205 0.324732363436728 0.5918667319941205
1 0.1880318418885534 0.6717295443410093 0.2572055997804008 0.6717295443410093 0.2572055997804008 0.6908378245957864 0.1880318418885534 0.6908378245957864
0 0.39774910787812245 0.5908868201861832 0.4032390886631897 0.5908868201861832 0.4032390886631897 0.6188143067123959 0.39774910787812245 0.6188143067123959
0 0.3584957452648916 0.5913767760901519 0.3727696953060664 0.5913767760901519 0.3727696953060664 0.6643802057814797 0.3584957452648916 0.6643802057814797
0 0.3999451001921493 0.7589416952474277 0.4279440021959923 0.7589416952474277 0.4279440021959923 1.0 0.3999451001921493 1.0
1 0.23469667856162504 0.6291033806957373 0.2572055997804008 0.6291033806957373 0.2572055997804008 0.6413522782949534 0.23469667856162504 0.6413522782949534
2 0.3757891847378534 0.6055854973052426 0.4474334339829811 0.6055854973052426 0.4474334339829811 0.7084762371386575 0.3757891847378534 0.7084762371386575
0 0.1924238265166072 0.637922586967173 0.2357946747186385 0.637922586967173 0.2357946747186385 0.6736893679568838 0.1924238265166072 0.6736893679568838
0 0.29920395278616524 0.5644292013718766 0.3296733461432885 0.5644292013718766 0.3296733461432885 0.5869671729544341 0.29920395278616524 0.5869671729544341
1 0.4381004666483667 0.6536011758941696 0.4691188580839967 0.6536011758941696 0.4691188580839967 0.6741793238608524 0.4381004666483667 0.6741793238608524
0 0.5089212187757344 0.8211660950514453 0.5550370573702992 0.8211660950514453 0.5550370573702992 0.8814306712395884 0.5089212187757344 0.8814306712395884
0 0.4037880867416964 0.5600195982361588 0.40927806752676366 0.5600195982361588 0.40927806752676366 0.5781479666829986 0.4037880867416964 0.5781479666829986
0 0.41916003293988474 0.5874571288584027 0.4224540214109251 0.5874571288584027 0.4224540214109251 0.596766291033807 0.41916003293988474 0.596766291033807
0 0.3057919297282459 0.8662420382165605 0.32939884710403516 0.8662420382165605 0.32939884710403516 0.9975502204801567 0.3057919297282459 0.9975502204801567
0 0.28081251715618993 0.6707496325330721 0.3288498490255284 0.6707496325330721 0.3288498490255284 0.9069083782459578 0.28081251715618993 0.9069083782459578
0 0.4046115838594565 0.7079862812346889 0.415591545429591 0.7079862812346889 0.415591545429591 0.7466927976482116 0.4046115838594565 0.7466927976482116
0 0.4523744166895416 0.7114159725624694 0.4798243206148779 0.7114159725624694 0.4798243206148779 0.7662910338069573 0.4523744166895416 0.7662910338069573
0 0.25555860554488063 0.6163645271925526 0.2714795498215756 0.6163645271925526 0.2714795498215756 0.6359627633512983 0.25555860554488063 0.6359627633512983
0 0.4600603897886357 0.7035766780989712 0.5446060938786714 0.7035766780989712 0.5446060938786714 0.8446839784419402 0.4600603897886357 0.8446839784419402
0 0.07301674444139446 0.6874081332680058 0.2849300027449904 0.6874081332680058 0.2849300027449904 0.9965703086722195 0.07301674444139446 0.9965703086722195
0 0.4120230579192973 0.5923566878980892 0.41668954158660443 0.5923566878980892 0.41668954158660443 0.6168544830965214 0.4120230579192973 0.6168544830965214
0 0.37359319242382655 0.5943165115139637 0.38649464726873456 0.5943165115139637 0.38649464726873456 0.6246937775600196 0.37359319242382655 0.6246937775600196
0 0.3914356299752951 0.5663890249877511 0.40021959923140266 0.5663890249877511 0.40021959923140266 0.5805977462028417 0.3914356299752951 0.5805977462028417
0 0.2563821026626407 0.8020578147966684 0.2701070546253088 0.8020578147966684 0.2701070546253088 0.8574228319451249 0.2563821026626407 0.8574228319451249
