0 0.14768048311830909 0.869671729544341 0.2552841065056272 0.869671729544341 0.2552841065056272 0.9965703086722195 0.14768048311830909 0.9965703086722195
0 0.5075487235794676 0.828515433610975 0.5457040900356849 0.828515433610975 0.5457040900356849 0.9941205291523763 0.5075487235794676 0.9941205291523763
0 0.18254186110348616 0.6403723664870162 0.3900631347790283 0.6403723664870162 0.3900631347790283 0.9304262616364527 0.18254186110348616 0.9304262616364527
0 0.1976393082624211 0.792748652621264 0.2964589623936316 0.792748652621264 0.2964589623936316 0.9990200881920627 0.1976393082624211 0.9990200881920627
0 0.37112270107054623 0.5908868201861832 0.4040625857809498 0.5908868201861832 0.4040625857809498 0.6193042626163645 0.37112270107054623 0.6193042626163645
0 0.40790557233049685 0.5438510534051935 0.5418611034861378 0.5438510534051935 0.5418611034861378 0.6315531602155806 0.40790557233049685 0.6315531602155806
1 0.007411474059840786 0.9132778049975503 0.1452099917650288 0.9132778049975503 0.1452099917650288 0.9941205291523763 0.007411474059840786 0.9941205291523763
0 0.2978314575898985 0.6315531602155806 0.40790557233049685 0.6315531602155806 0.40790557233049685 0.7902988731014209 0.2978314575898985 0.7902988731014209
2 0.5426846006038979 0.5276825085742283 0.5646445237441668 0.5276825085742283 0.5646445237441668 0.5433610975012249 0.5426846006038979 0.5433610975012249
0 0.48531430139994514 0.6589906908378246 0.49382377161679936 0.6589906908378246 0.49382377161679936 0.6942675159235668 0.48531430139994514 0.6942675159235668
0 0.0 0.7246447819696228 0.1556409552566566 0.7246447819696228 0.1556409552566566 0.9343459088682019 0.0 0.9343459088682019
