2 0.0005489980785067308 0.7697207251347379 0.12187757342849301 0.7697207251347379 0.12187757342849301 0.9500244977951985 0.0005489980785067308 0.9500244977951985
0 0.3541037606368378 0.7589416952474277 0.4054350809772166 0.7589416952474277 0.4054350809772166 0.9985301322880942 0.3541037606368378 0.9985301322880942
0 0.32775185286851494 0.6918177364037237 0.3554762558331046 0.6918177364037237 0.3554762558331046 0.7520823125918668 0.32775185286851494 0.7520823125918668
0 0.3639857260499588 0.5551200391964723 0.4139445511940708 0.5551200391964723 0.4139445511940708 0.6070553650171484 0.3639857260499588 0.6070553650171484
0 0.2355201756793851 0.7344439000489956 0.3250068624759813 0.7344439000489956 0.3250068624759813 0.8672219500244979 0.2355201756793851 0.8672219500244979
0 0.18391435629975295 0.8515433610975013 0.2341476804831183 0.8515433610975013 0.2341476804831183 0.9691327780499756 0.18391435629975295 0.9691327780499756
0 0.3634367279714521 0.5683488486036257 0.4210815262146582 0.5683488486036257 0.4210815262146582 0.6648701616854482 0.3634367279714521 0.6648701616854482
0 0.3999451001921493 0.528172464478197 0.42766950315673896 0.528172464478197 0.42766950315673896 0.5546300832925036 0.3999451001921493 0.5546300832925036
0 0.30661542684600607 0.6540911317981382 0.3532802635190777 0.6540911317981382 0.3532802635190777 0.6991670749632533 0.30661542684600607 0.6991670749632533
0 0.37633818281636017 0.6555609995100441 0.3862201482294812 0.6555609995100441 0.3862201482294812 0.7094561489465948 0.37633818281636017 0.7094561489465948
0 0.12434806478177328 0.7104360607545321 0.22893219873730442 0.7104360607545321 0.22893219873730442 0.8167564919157275 0.12434806478177328 0.8167564919157275
0 0.41861103486137796 0.7824595786379226 0.4430414493549273 0.7824595786379226 0.4430414493549273 0.8427241548260657 0.41861103486137796 0.8427241548260657
0 0.4493549272577546 0.5507104360607545 0.46362887729892943 0.5507104360607545 0.46362887729892943 0.6163645271925527 0.4493549272577546 0.6163645271925527
0 0.12297556958550644 0.6785889269965704 0.22783420258029097 0.6785889269965704 0.22783420258029097 0.7785399314061734 0.12297556958550644 0.7785399314061734
0 0.3343398298105956 0.6095051445369917 0.35794674718638486 0.6095051445369917 0.35794674718638486 0.6506614404703577 0.3343398298105956 0.6506614404703577
0 0.38073016744441396 0.5536501714845664 0.38869063958276145 0.5536501714845664 0.38869063958276145 0.5668789808917197 0.38073016744441396 0.5668789808917197
