0 0.34092780675267637 0.5614894659480646 0.359593741421905 0.5614894659480646 0.359593741421905 0.5889269965703087 0.34092780675267637 0.5889269965703087
1 0.24979412572055998 0.5884370406663401 0.37633818281636017 0.5884370406663401 0.37633818281636017 0.5948064674179324 0.24979412572055998 0.5948064674179324
0 0.005215481745813891 0.7672709456148946 0.09085918199286303 0.7672709456148946 0.09085918199286303 0.8780009799118079 0.005215481745813891 0.8780009799118079
0 0.0990941531704639 0.6888780009799118 0.28767499313752404 0.6888780009799118 0.28767499313752404 0.9941205291523763 0.0990941531704639 0.9941205291523763
1 0.31896788361240735 0.6874081332680059 0.34806478177326383 0.6874081332680059 0.34806478177326383 0.7025967662910338 0.31896788361240735 0.7025967662910338
0 0.4018665934669229 0.5467907888290053 0.4098270656052704 0.5467907888290053 0.4098270656052704 0.5688388045075943 0.4018665934669229 0.5688388045075943
0 0.11336810321163875 0.6859382655560999 0.21438374965687618 0.6859382655560999 0.21438374965687618 0.7844194022537971 0.11336810321163875 0.7844194022537971
0 0.21246225638210267 0.8530132288094071 0.25446060938786713 0.8530132288094071 0.25446060938786713 0.9220970112689858 0.21246225638210267 0.9220970112689858
0 0.3930826242108153 0.5433610975012249 0.4024155915454296 0.5433610975012249 0.4024155915454296 0.5673689367956884 0.3930826242108153 0.5673689367956884
1 0.3670052154817458 0.7060264576188143 0.3988471040351359 0.7060264576188143 0.3988471040351359 0.7168054875061244 0.3670052154817458 0.7168054875061244
0 0.37249519626681304 0.7991180793728565 0.3961021136426023 0.7991180793728565 0.3961021136426023 0.9647231749142577 0.37249519626681304 0.9647231749142577
0 0.3889651386220148 0.6144047035766781 0.42849300027449905 0.6144047035766781 0.42849300027449905 0.8133268005879472 0.3889651386220148 0.8133268005879472
