0 0.11007411474059842 0.8975992160705536 0.15838594564919023 0.8975992160705536 0.15838594564919023 0.9990200881920627 0.11007411474059842 0.9990200881920627
0 0.37057370299203957 0.576188143067124 0.38429865495470766 0.576188143067124 0.38429865495470766 0.6197942185203332 0.37057370299203957 0.6197942185203332
0 0.3782596760911337 0.663890249877511 0.3982981059566291 0.663890249877511 0.3982981059566291 0.7138657520823126 0.3782596760911337 0.7138657520823126
0 0.3881416415042548 0.7280744732974033 0.4073565742519901 0.7280744732974033 0.4073565742519901 0.8103870651641353 0.3881416415042548 0.8103870651641353
0 0.21767773812791655 0.6751592356687899 0.33818281636014275 0.6751592356687899 0.33818281636014275 1.0 0.21767773812791655 1.0
0 0.42437551468569856 0.7197452229299364 0.5380181169365907 0.7197452229299364 0.5380181169365907 0.9975502204801567 0.42437551468569856 0.9975502204801567
0 0.36673071644249244 0.8069573738363547 0.39692561076036237 0.8069573738363547 0.39692561076036237 1.0 0.36673071644249244 1.0
0 0.3041449354927258 0.555609995100441 0.32034037880867416 0.555609995100441 0.32034037880867416 0.5820676139147476 0.3041449354927258 0.5820676139147476
0 0.4391984628053802 0.6496815286624203 0.4515509195717815 0.6496815286624203 0.4515509195717815 0.6751592356687898 0.4391984628053802 0.6751592356687898
0 0.33873181443864947 0.6844683978441941 0.37057370299203957 0.6844683978441941 0.37057370299203957 0.7966682998530132 0.33873181443864947 0.7966682998530132
0 0.4194345319791381 0.6354728074473297 0.434531979138073 0.6354728074473297 0.434531979138073 0.7138657520823126 0.4194345319791381 0.7138657520823126
0 0.32775185286851494 0.5575698187163156 0.36316222893219874 0.5575698187163156 0.36316222893219874 0.6766291033806957 0.32775185286851494 0.6766291033806957
0 0.393631622289322 0.5903968642822146 0.4139445511940708 0.5903968642822146 0.4139445511940708 0.6447819696227339 0.393631622289322 0.6447819696227339
