0 0.31841888553390063 0.5551200391964723 0.32912434806478175 0.5551200391964723 0.32912434806478175 0.5894169524742774 0.31841888553390063 0.5894169524742774
0 0.19269832555586056 0.7716805487506125 0.3085369201207796 0.7716805487506125 0.3085369201207796 0.9539441450269476 0.19269832555586056 0.9539441450269476
0 0.29124348064781774 0.5218030377266046 0.3038704364534724 0.5218030377266046 0.3038704364534724 0.5369916707496326 0.29124348064781774 0.5369916707496326
0 0.2552841065056273 0.5884370406663401 0.2695580565468021 0.5884370406663401 0.2695580565468021 0.6016658500734934 0.2552841065056273 0.6016658500734934
0 0.2237167169914905 0.596766291033807 0.23771616799341203 0.596766291033807 0.23771616799341203 0.6085252327290545 0.2237167169914905 0.6085252327290545
0 0.0021959923140269025 0.8378245957863792 0.10952511666209169 0.8378245957863792 0.10952511666209169 0.9951004409603135 0.0021959923140269025 0.9951004409603135
2 0.15893494372769695 0.6070553650171484 0.22454021410925062 0.6070553650171484 0.22454021410925062 0.6629103380695738 0.15893494372769695 0.6629103380695738
0 0.3664562174032391 0.5894169524742773 0.38045566840516054 0.5894169524742773 0.38045566840516054 0.621264086232239 0.3664562174032391 0.621264086232239
0 0.3464177875377436 0.5820676139147477 0.35328026351907765 0.5820676139147477 0.35328026351907765 0.6227339539441451 0.3464177875377436 0.6227339539441451
0 0.0 0.7496325330720235 0.04501784243755147 0.7496325330720235 0.04501784243755147 0.8010779029887309 0.0 0.8010779029887309
0 0.362613230853692 0.6109750122488976 0.37029920395278615 0.6109750122488976 0.37029920395278615 0.6389024987751103 0.362613230853692 0.6389024987751103
0 0.1674444139445512 0.9539441450269476 0.24210815262146582 0.9539441450269476 0.24210815262146582 0.9975502204801568 0.1674444139445512 0.9975502204801568
0 0.3079879220422729 0.718765311121999 0.3598682404611584 0.718765311121999 0.3598682404611584 0.842234198922097 0.3079879220422729 0.842234198922097
0 0.34175130387043645 0.5453209211170995 0.3513587702443041 0.5453209211170995 0.3513587702443041 0.5590396864282214 0.34175130387043645 0.5590396864282214
0 0.2629700796047214 0.5590396864282214 0.28163601427395 0.5590396864282214 0.28163601427395 0.5810877021068104 0.2629700796047214 0.5810877021068104
0 0.2629700796047214 0.5374816266536011 0.27861652484216304 0.5374816266536011 0.27861652484216304 0.5526702596766291 0.2629700796047214 0.5526702596766291
1 0.29041998353005766 0.535031847133758 0.30496843261048584 0.535031847133758 0.30496843261048584 0.5477707006369427 0.29041998353005766 0.5477707006369427
0 0.08838869063958277 0.6555609995100441 0.1600329398847104 0.6555609995100441 0.1600329398847104 0.7138657520823125 0.08838869063958277 0.7138657520823125
1 0.20450178424375515 0.8427241548260657 0.26708756519352184 0.8427241548260657 0.26708756519352184 0.8691817736403723 0.20450178424375515 0.8691817736403723
0 0.3447707933022235 0.6869181773640373 0.36096623661817184 0.6869181773640373 0.36096623661817184 0.71484566389025 0.3447707933022235 0.71484566389025
0 0.3642602250892122 0.6545810877021069 0.3886906395827615 0.6545810877021069 0.3886906395827615 0.7065164135227829 0.3642602250892122 0.7065164135227829
0 0.33681032116387594 0.9211170994610485 0.36782871259950595 0.9211170994610485 0.36782871259950595 0.9975502204801567 0.33681032116387594 0.9975502204801567
0 0.34943727696953064 0.6413522782949534 0.35959374142190503 0.6413522782949534 0.35959374142190503 0.6702596766291034 0.34943727696953064 0.6702596766291034
0 0.35218226736206426 0.5551200391964723 0.3719461981883063 0.5551200391964723 0.3719461981883063 0.5781479666829985 0.35218226736206426 0.5781479666829985
2 0.23030469393357125 0.5668789808917197 0.2594015920944277 0.5668789808917197 0.2594015920944277 0.5908868201861833 0.23030469393357125 0.5908868201861833
1 0.3230853692012078 0.842234198922097 0.39335712325006866 0.842234198922097 0.39335712325006866 0.8579127878490936 0.3230853692012078 0.8579127878490936
