0 0.029315068493150687 0.6707436399217221 0.17972602739726026 0.6707436399217221 0.17972602739726026 0.8194716242661448 0.029315068493150687 0.8194716242661448
0 0.18082191780821918 0.6580234833659492 0.20767123287671233 0.6580234833659492 0.20767123287671233 0.6917808219178082 0.18082191780821918 0.6917808219178082
2 0.20712328767123286 0.595890410958904 0.2690410958904109 0.595890410958904 0.2690410958904109 0.662426614481409 0.20712328767123286 0.662426614481409
2 0.29452054794520544 0.6213307240704502 0.343013698630137 0.6213307240704502 0.343013698630137 0.7113502935420744 0.29452054794520544 0.7113502935420744
2 0.39506849315068493 0.6316046966731899 0.47589041095890416 0.6316046966731899 0.47589041095890416 0.7969667318982387 0.39506849315068493 0.7969667318982387
0 0.4657534246575342 0.7974559686888454 0.5191780821917809 0.7974559686888454 0.5191780821917809 1.0 0.4657534246575342 1.0
0 0.42986301369863017 0.799412915851272 0.4558904109589041 0.799412915851272 0.4558904109589041 0.950587084148728 0.42986301369863017 0.950587084148728
0 0.4106849315068493 0.5601761252446184 0.443013698630137 0.5601761252446184 0.443013698630137 0.6355185909980431 0.4106849315068493 0.6355185909980431
0 0.2408219178082192 0.7137964774951077 0.2991780821917808 0.7137964774951077 0.2991780821917808 0.8111545988258316 0.2408219178082192 0.8111545988258316
0 0.32876712328767127 0.5499021526418787 0.3701369863013699 0.5499021526418787 0.3701369863013699 0.6203522504892368 0.32876712328767127 0.6203522504892368
