0 0.4397474608838869 0.7329740323370897 0.47845182541861103 0.7329740323370897 0.47845182541861103 0.8931896129348358 0.4397474608838869 0.8931896129348358
0 0.42766950315673896 0.5673689367956884 0.4353554762558331 0.5673689367956884 0.4353554762558331 0.5938265556099951 0.42766950315673896 0.5938265556099951
0 0.3914356299752951 0.6026457618814307 0.4397474608838869 0.6026457618814307 0.4397474608838869 0.7481626653601177 0.3914356299752951 0.7481626653601177
0 0.399670601152896 0.8706516413522783 0.4131210540763107 0.8706516413522783 0.4131210540763107 0.9191572758451739 0.399670601152896 0.9191572758451739
0 0.4238265166071919 0.8520333170014698 0.4641778753774362 0.8520333170014698 0.4641778753774362 1.0 0.4238265166071919 1.0
0 0.4147680483118309 0.5634492895639392 0.4257480098819654 0.5634492895639392 0.4257480098819654 0.6006859382655562 0.4147680483118309 0.6006859382655562
0 0.490529783145759 0.8775110240078393 0.5113917101290145 0.8775110240078393 0.5113917101290145 0.9990200881920627 0.490529783145759 0.9990200881920627
0 0.38429865495470766 0.7457128858402744 0.4029645896239363 0.7457128858402744 0.4029645896239363 0.8775110240078392 0.38429865495470766 0.8775110240078392
0 0.4391984628053802 0.6859382655560999 0.44825693110074116 0.6859382655560999 0.44825693110074116 0.7187653111219989 0.4391984628053802 0.7187653111219989
0 0.41010156464452374 0.5472807447329741 0.42025802909689813 0.5472807447329741 0.42025802909689813 0.5546300832925036 0.41010156464452374 0.5546300832925036
