0 0.2566566017018941 0.6281234688878001 0.2788910238814164 0.6281234688878001 0.2788910238814164 0.6506614404703577 0.2566566017018941 0.6506614404703577
1 0.26544057095800166 0.8814306712395884 0.4076310732912435 0.8814306712395884 0.4076310732912435 0.9059284664380206 0.26544057095800166 0.9059284664380206
0 0.43343398298105956 0.6202841744243018 0.5089212187757343 0.6202841744243018 0.5089212187757343 0.9955903968642822 0.43343398298105956 0.9955903968642822
0 0.3939061213285754 0.637922586967173 0.4153170463903376 0.637922586967173 0.4153170463903376 0.7417932386085253 0.3939061213285754 0.7417932386085253
1 0.0 0.7986281234688878 0.22893219873730442 0.7986281234688878 0.22893219873730442 0.8544830965213132 0.0 0.8544830965213132
0 0.46033488882788914 0.6604605585497305 0.4729618446335438 0.6604605585497305 0.4729618446335438 0.6869181773640372 0.46033488882788914 0.6869181773640372
0 0.5599780400768597 0.9191572758451739 0.6058193796321714 0.9191572758451739 0.6058193796321714 0.9965703086722194 0.5599780400768597 0.9965703086722194
0 0.24677463628877297 0.6614404703576678 0.2714795498215756 0.6614404703576678 0.2714795498215756 0.6874081332680059 0.24677463628877297 0.6874081332680059
0 0.1372495196266813 0.6869181773640373 0.20834477079330221 0.6869181773640373 0.20834477079330221 0.7319941205291524 0.1372495196266813 0.7319941205291524
1 0.34037880867416964 0.7555120039196472 0.40021959923140266 0.7555120039196472 0.40021959923140266 0.779029887310142 0.34037880867416964 0.779029887310142
0 0.40021959923140266 0.7677609015188633 0.42410101564644526 0.7677609015188633 0.42410101564644526 1.0 0.40021959923140266 1.0
1 0.29536096623661817 0.5903968642822146 0.35629975295086463 0.5903968642822146 0.35629975295086463 0.615874571288584 0.29536096623661817 0.615874571288584
0 0.4166895415866045 0.5835374816266536 0.4326104858632995 0.5835374816266536 0.4326104858632995 0.637922586967173 0.4166895415866045 0.637922586967173
