0 0.3283008509470217 0.5962763351298382 0.33379083173208896 0.5962763351298382 0.33379083173208896 0.6242038216560509 0.3283008509470217 0.6242038216560509
0 0.353554762558331 0.958843704066634 0.38292615975844085 0.958843704066634 0.38292615975844085 0.9951004409603135 0.353554762558331 0.9951004409603135
0 0.3560252539116113 0.6766291033806957 0.3884161405435081 0.6766291033806957 0.3884161405435081 0.7834394904458599 0.3560252539116113 0.7834394904458599
1 0.0845457040900357 0.6913277804997551 0.2055997804007686 0.6913277804997551 0.2055997804007686 0.7168054875061245 0.0845457040900357 0.7168054875061245
0 0.12544606093878674 0.7951984321411073 0.22810870161954433 0.7951984321411073 0.22810870161954433 0.9975502204801568 0.12544606093878674 0.9975502204801568
0 0.3368103211638759 0.7741303282704557 0.3606917375789185 0.7741303282704557 0.3606917375789185 0.8378245957863792 0.3368103211638759 0.8378245957863792
0 0.0019214932747735336 0.7339539441450269 0.1336810321163876 0.7339539441450269 0.1336810321163876 0.8221460068593827 0.0019214932747735336 0.8221460068593827
0 0.40488608289870986 0.8574228319451249 0.45209991765028823 0.8574228319451249 0.45209991765028823 0.967172954434101 0.40488608289870986 0.967172954434101
0 0.334614328849849 0.6046055854973053 0.3598682404611584 0.6046055854973053 0.3598682404611584 0.6261636452719256 0.334614328849849 0.6261636452719256
0 0.10540763107329125 0.776580107790299 0.16277793027724402 0.776580107790299 0.16277793027724402 0.8378245957863792 0.10540763107329125 0.8378245957863792
0 0.2547351084271205 0.5894169524742773 0.26214658248696127 0.5894169524742773 0.26214658248696127 0.5962763351298382 0.2547351084271205 0.5962763351298382
0 0.3790831732088938 0.6491915727584517 0.39747460883886904 0.6491915727584517 0.39747460883886904 0.7011268985791278 0.3790831732088938 0.7011268985791278
2 0.0 0.8211660950514454 0.10211364260225089 0.8211660950514454 0.10211364260225089 0.951984321411073 0.0 0.951984321411073
0 0.3115564095525666 0.6291033806957375 0.3343398298105956 0.6291033806957375 0.3343398298105956 0.6972072513473787 0.3115564095525666 0.6972072513473787
0 0.34257480098819654 0.6340029397354239 0.3472412846555037 0.6340029397354239 0.3472412846555037 0.6418422341989221 0.34257480098819654 0.6418422341989221
0 0.1534449629426297 0.7207251347378736 0.19434531979138073 0.7207251347378736 0.19434531979138073 0.7711905928466438 0.1534449629426297 0.7711905928466438
0 0.20752127367554216 0.6354728074473298 0.2393631622289322 0.6354728074473298 0.2393631622289322 0.6937775600195982 0.20752127367554216 0.6937775600195982
0 0.11913258303595937 0.6599706026457619 0.15591545429590997 0.6599706026457619 0.15591545429590997 0.6923076923076923 0.11913258303595937 0.6923076923076923
