0 0.4553424657534247 0.7010763209393347 0.4624657534246575 0.7010763209393347 0.4624657534246575 0.7328767123287672 0.4553424657534247 0.7328767123287672
0 0.46657534246575344 0.6673189823874756 0.4742465753424658 0.6673189823874756 0.4742465753424658 0.6815068493150686 0.46657534246575344 0.6815068493150686
0 0.4334246575342466 0.5709393346379649 0.45260273972602744 0.5709393346379649 0.45260273972602744 0.6056751467710372 0.4334246575342466 0.6056751467710372
1 0.2158904109589041 0.7348336594911937 0.42575342465753424 0.7348336594911937 0.42575342465753424 0.7793542074363993 0.2158904109589041 0.7793542074363993
0 0.489041095890411 0.711839530332681 0.5046575342465753 0.711839530332681 0.5046575342465753 0.7446183953033267 0.489041095890411 0.7446183953033267
0 0.5786301369863013 0.9006849315068494 0.6068493150684932 0.9006849315068494 0.6068493150684932 0.9554794520547946 0.5786301369863013 0.9554794520547946
0 0.42986301369863017 0.7211350293542075 0.4350684931506849 0.7211350293542075 0.4350684931506849 0.7480430528375733 0.42986301369863017 0.7480430528375733
0 0.45095890410958905 0.7436399217221136 0.46191780821917805 0.7436399217221136 0.46191780821917805 0.7842465753424658 0.45095890410958905 0.7842465753424658
0 0.5282191780821918 0.8052837573385518 0.5553424657534246 0.8052837573385518 0.5553424657534246 0.8429549902152642 0.5282191780821918 0.8429549902152642
0 0.46109589041095894 0.6252446183953033 0.4758904109589041 0.6252446183953033 0.4758904109589041 0.662426614481409 0.46109589041095894 0.662426614481409
0 0.43698630136986305 0.6345401174168298 0.45095890410958905 0.6345401174168298 0.45095890410958905 0.6673189823874756 0.43698630136986305 0.6673189823874756
