0 0.3413698630136986 0.5743639921722113 0.353972602739726 0.5743639921722113 0.353972602739726 0.5900195694716243 0.3413698630136986 0.5900195694716243
0 0.4167123287671233 0.6281800391389433 0.42054794520547945 0.6281800391389433 0.42054794520547945 0.6438356164383562 0.4167123287671233 0.6438356164383562
0 0.41726027397260274 0.6741682974559686 0.4276712328767123 0.6741682974559686 0.4276712328767123 0.6942270058708415 0.41726027397260274 0.6942270058708415
0 0.4726027397260274 0.8091976516634052 0.4920547945205479 0.8091976516634052 0.4920547945205479 0.8992172211350293 0.4726027397260274 0.8992172211350293
0 0.42191780821917807 0.6492172211350294 0.42986301369863017 0.6492172211350294 0.42986301369863017 0.6673189823874756 0.42191780821917807 0.6673189823874756
0 0.4084931506849315 0.5401174168297456 0.4221917808219178 0.5401174168297456 0.4221917808219178 0.5865949119373777 0.4084931506849315 0.5865949119373777
0 0.42054794520547945 0.6042074363992173 0.42794520547945203 0.6042074363992173 0.42794520547945203 0.6149706457925636 0.42054794520547945 0.6149706457925636
0 0.4104109589041096 0.5865949119373777 0.4227397260273973 0.5865949119373777 0.4227397260273973 0.6037181996086105 0.4104109589041096 0.6037181996086105
0 0.49945205479452054 0.9202544031311155 0.5243835616438356 0.9202544031311155 0.5243835616438356 1.0 0.49945205479452054 1.0
0 0.4043835616438356 0.5934442270058709 0.40904109589041093 0.5934442270058709 0.40904109589041093 0.6037181996086105 0.4043835616438356 0.6037181996086105
