0 0.4279452054794521 0.6541095890410958 0.44958904109589043 0.6541095890410958 0.44958904109589043 0.7079256360078278 0.4279452054794521 0.7079256360078278
0 0.37397260273972605 0.5709393346379648 0.3936986301369863 0.5709393346379648 0.3936986301369863 0.6076320939334638 0.37397260273972605 0.6076320939334638
0 0.29205479452054794 0.5626223091976517 0.3301369863013699 0.5626223091976517 0.3301369863013699 0.6061643835616439 0.29205479452054794 0.6061643835616439
0 0.47890410958904106 0.7984344422700587 0.5123287671232877 0.7984344422700587 0.5123287671232877 0.9295499021526419 0.47890410958904106 0.9295499021526419
0 0.3753424657534246 0.5430528375733855 0.38602739726027396 0.5430528375733855 0.38602739726027396 0.5582191780821918 0.3753424657534246 0.5582191780821918
0 0.44356164383561647 0.726027397260274 0.4745205479452055 0.726027397260274 0.4745205479452055 0.8018590998043054 0.44356164383561647 0.8018590998043054
0 0.3832876712328767 0.6413894324853229 0.4027397260273972 0.6413894324853229 0.4027397260273972 0.6731898238747553 0.3832876712328767 0.6731898238747553
0 0.3975342465753425 0.9623287671232876 0.4041095890410959 0.9623287671232876 0.4041095890410959 0.9980430528375734 0.3975342465753425 0.9980430528375734
0 0.3852054794520548 0.723091976516634 0.3947945205479452 0.723091976516634 0.3947945205479452 0.7676125244618396 0.3852054794520548 0.7676125244618396
0 0.35479452054794525 0.6066536203522506 0.36191780821917807 0.6066536203522506 0.36191780821917807 0.6183953033268101 0.35479452054794525 0.6183953033268101
