0 0.3991780821917808 0.5954011741682974 0.40328767123287673 0.5954011741682974 0.40328767123287673 0.6095890410958904 0.3991780821917808 0.6095890410958904
0 0.4495890410958904 0.8043052837573386 0.45945205479452056 0.8043052837573386 0.45945205479452056 0.8620352250489236 0.4495890410958904 0.8620352250489236
1 0.350958904109589 0.6066536203522505 0.4419178082191781 0.6066536203522505 0.4419178082191781 0.6125244618395304 0.350958904109589 0.6125244618395304
0 0.4052054794520548 0.5596868884540117 0.41178082191780824 0.5596868884540117 0.41178082191780824 0.5978473581213307 0.4052054794520548 0.5978473581213307
0 0.3041095890410959 0.5543052837573386 0.3219178082191781 0.5543052837573386 0.3219178082191781 0.5738747553816046 0.3041095890410959 0.5738747553816046
0 0.4328767123287671 0.5963796477495107 0.4408219178082192 0.5963796477495107 0.4408219178082192 0.6174168297455969 0.4328767123287671 0.6174168297455969
0 0.3232876712328767 0.5513698630136986 0.3287671232876712 0.5513698630136986 0.3287671232876712 0.5572407045009785 0.3232876712328767 0.5572407045009785
0 0.4652054794520548 0.9437377690802348 0.47890410958904106 0.9437377690802348 0.47890410958904106 0.9975538160469667 0.4652054794520548 0.9975538160469667
0 0.4526027397260274 0.8532289628180039 0.46986301369863015 0.8532289628180039 0.46986301369863015 0.9545009784735812 0.4526027397260274 0.9545009784735812
0 0.41506849315068495 0.5919765166340509 0.4194520547945205 0.5919765166340509 0.4194520547945205 0.6007827788649707 0.41506849315068495 0.6007827788649707
