1 0.006587976942080687 0.9186673199412052 0.5083722206972275 0.9186673199412052 0.5083722206972275 0.9715825575698187 0.006587976942080687 0.9715825575698187
0 0.27642053252813614 0.6291033806957375 0.28794949217677734 0.6291033806957375 0.28794949217677734 0.6487016168544831 0.27642053252813614 0.6487016168544831
0 0.43343398298105956 0.6511513963743263 0.4383749656876201 0.6511513963743263 0.4383749656876201 0.6687898089171975 0.43343398298105956 0.6687898089171975
0 0.46911885808399667 0.8329250367466927 0.550370573702992 0.8329250367466927 0.550370573702992 1.0 0.46911885808399667 1.0
0 0.40351358770244306 0.5614894659480647 0.4183365358221246 0.5614894659480647 0.4183365358221246 0.6021558059774621 0.40351358770244306 0.6021558059774621
0 0.36947570683502606 0.5654091131798138 0.39555311556409556 0.5654091131798138 0.39555311556409556 0.631063204311612 0.36947570683502606 0.631063204311612
0 0.24293164973922587 0.663890249877511 0.3200658797694208 0.663890249877511 0.3200658797694208 0.8128368446839784 0.24293164973922587 0.8128368446839784
0 0.462530881141916 0.7035766780989712 0.49519626681306617 0.7035766780989712 0.49519626681306617 0.739343459088682 0.462530881141916 0.739343459088682
1 0.2810870161954433 0.6242038216560509 0.39335712325006866 0.6242038216560509 0.39335712325006866 0.6580107790298874 0.2810870161954433 0.6580107790298874
0 0.1888553390063135 0.8108770210681039 0.2371671699149053 0.8108770210681039 0.2371671699149053 0.8941695247427731 0.1888553390063135 0.8941695247427731
0 0.37935767224814715 0.6295933365997061 0.3911611309360417 0.6295933365997061 0.3911611309360417 0.658500734933856 0.37935767224814715 0.658500734933856
0 0.44386494647268737 0.6761391474767271 0.4523744166895416 0.6761391474767271 0.4523744166895416 0.7153356197942184 0.44386494647268737 0.7153356197942184
0 0.4337084820203129 0.8157765801077903 0.46856986000549 0.8157765801077903 0.46856986000549 0.8731014208721215 0.4337084820203129 0.8731014208721215
0 0.0 0.746202841744243 0.19187482843810047 0.746202841744243 0.19187482843810047 0.9691327780499754 0.0 0.9691327780499754
0 0.40488608289870986 0.9358157765801078 0.41723853966511115 0.9358157765801078 0.41723853966511115 0.9975502204801567 0.40488608289870986 0.9975502204801567
0 0.3420258029096898 0.7506124448799608 0.37139720010979965 0.7506124448799608 0.37139720010979965 0.8211660950514453 0.3420258029096898 0.8211660950514453
0 0.36590721932473236 0.8177364037236649 0.3930826242108153 0.8177364037236649 0.3930826242108153 0.9186673199412053 0.36590721932473236 0.9186673199412053
0 0.14164150425473512 0.9078882900538952 0.18830634092780676 0.9078882900538952 0.18830634092780676 0.9970602645761881 0.14164150425473512 0.9970602645761881
0 0.2355201756793851 0.6536011758941694 0.27559703541037606 0.6536011758941694 0.27559703541037606 0.6937775600195982 0.2355201756793851 0.6937775600195982
0 0.4166895415866045 0.6021558059774621 0.42849300027449905 0.6021558059774621 0.42849300027449905 0.6315531602155806 0.4166895415866045 0.6315531602155806
0 0.3304968432610486 0.6031357177853993 0.35190776832281084 0.6031357177853993 0.35190776832281084 0.6335129838314553 0.3304968432610486 0.6335129838314553
0 0.4268460060389789 0.7251347378735914 0.5300576447982432 0.7251347378735914 0.5300576447982432 0.8799608035276826 0.4268460060389789 0.8799608035276826
0 0.4073565742519901 0.6717295443410093 0.44551194070820754 0.6717295443410093 0.44551194070820754 0.801077902988731 0.4073565742519901 0.801077902988731
0 0.10019214932747735 0.7432631063204311 0.15371946198188305 0.7432631063204311 0.15371946198188305 0.8000979911807937 0.10019214932747735 0.8000979911807937
