0 0.3115068493150685 0.5870841487279843 0.3443835616438356 0.5870841487279843 0.3443835616438356 0.6614481409001958 0.3115068493150685 0.6614481409001958
0 0.0 0.8091976516634051 0.09424657534246575 0.8091976516634051 0.09424657534246575 0.9158512720156556 0.0 0.9158512720156556
0 0.2789041095890411 0.6634050880626223 0.31698630136986305 0.6634050880626223 0.31698630136986305 0.74559686888454 0.2789041095890411 0.74559686888454
0 0.19095890410958904 0.6472602739726028 0.23671232876712328 0.6472602739726028 0.23671232876712328 0.697651663405088 0.19095890410958904 0.697651663405088
1 0.13780821917808217 0.7470645792563602 0.5320547945205479 0.7470645792563602 0.5320547945205479 0.7808219178082192 0.13780821917808217 0.7808219178082192
1 0.058904109589041104 0.6917808219178082 0.19095890410958904 0.6917808219178082 0.19095890410958904 0.7025440313111545 0.058904109589041104 0.7025440313111545
0 0.23561643835616436 0.5567514677103719 0.3019178082191781 0.5567514677103719 0.3019178082191781 0.6462818003913894 0.23561643835616436 0.6462818003913894
0 0.13616438356164381 0.6340508806262232 0.1789041095890411 0.6340508806262232 0.1789041095890411 0.6756360078277887 0.13616438356164381 0.6756360078277887
1 0.19205479452054794 0.6952054794520548 0.3616438356164383 0.6952054794520548 0.3616438356164383 0.7211350293542074 0.19205479452054794 0.7211350293542074
0 0.09315068493150686 0.697651663405088 0.19095890410958904 0.697651663405088 0.19095890410958904 0.8111545988258317 0.09315068493150686 0.8111545988258317
1 0.0 0.7318982387475538 0.14164383561643837 0.7318982387475538 0.14164383561643837 0.7539138943248532 0.0 0.7539138943248532
