0 0.4490804282185012 0.895639392454679 0.4737853417513039 0.895639392454679 0.4737853417513039 1.0 0.4490804282185012 1.0
1 0.33873181443864947 0.6340029397354239 0.42712050507823224 0.6340029397354239 0.42712050507823224 0.6472317491425772 0.33873181443864947 0.6472317491425772
0 0.41806203678287124 0.9073983341499264 0.44825693110074116 0.9073983341499264 0.44825693110074116 0.9539441450269476 0.41806203678287124 0.9539441450269476
0 0.39747460883886904 0.8069573738363547 0.43123799066703267 0.8069573738363547 0.43123799066703267 0.9083782459578638 0.39747460883886904 0.9083782459578638
0 0.19791380730167446 0.6340029397354239 0.3472412846555037 0.6340029397354239 0.3472412846555037 0.9309162175404213 0.19791380730167446 0.9309162175404213
2 0.018391435629975292 0.8520333170014699 0.19956080153719463 0.8520333170014699 0.19956080153719463 0.9975502204801568 0.018391435629975292 0.9975502204801568
0 0.026351907768322816 0.7084762371386576 0.15701345045292342 0.7084762371386576 0.15701345045292342 0.8461538461538461 0.026351907768322816 0.8461538461538461
0 0.13779851770518803 0.6599706026457618 0.22206972275597037 0.6599706026457618 0.22206972275597037 0.7447329740323371 0.13779851770518803 0.7447329740323371
0 0.44578643974746085 0.7084762371386575 0.4737853417513039 0.7084762371386575 0.4737853417513039 0.7422831945124939 0.44578643974746085 0.7422831945124939
0 0.43261048586329953 0.7658010779029887 0.4553939061213286 0.7658010779029887 0.4553939061213286 0.9069083782459579 0.43261048586329953 0.9069083782459579
0 0.003568487510293719 0.7775600195982362 0.07438923963766127 0.7775600195982362 0.07438923963766127 0.8456638902498774 0.003568487510293719 0.8456638902498774
0 0.40076859730990944 0.555609995100441 0.41449354927257753 0.555609995100441 0.41449354927257753 0.6550710436060754 0.40076859730990944 0.6550710436060754
0 0.48915728794949215 0.7868691817736404 0.5479000823497118 0.7868691817736404 0.5479000823497118 0.9990200881920628 0.48915728794949215 0.9990200881920628
0 0.4243755146856986 0.6531112199902008 0.4411199560801537 0.6531112199902008 0.4411199560801537 0.7672709456148946 0.4243755146856986 0.7672709456148946
