0 0.4359044743343398 0.6634002939735424 0.46253088114191604 0.6634002939735424 0.46253088114191604 0.6937775600195983 0.4359044743343398 0.6937775600195983
0 0.3499862750480373 0.554140127388535 0.35328026351907765 0.554140127388535 0.35328026351907765 0.562469377756002 0.3499862750480373 0.562469377756002
1 0.41229755695855064 0.6972072513473788 0.45978589074938236 0.6972072513473788 0.45978589074938236 0.7045565899069084 0.41229755695855064 0.7045565899069084
0 0.3458687894592369 0.602155805977462 0.3538292615975844 0.602155805977462 0.3538292615975844 0.6261636452719256 0.3458687894592369 0.6261636452719256
0 0.36535822124622563 0.5497305242528172 0.37469118858083994 0.5497305242528172 0.37469118858083994 0.5683488486036257 0.36535822124622563 0.5683488486036257
1 0.34257480098819654 0.5766780989710926 0.36920120779577276 0.5766780989710926 0.36920120779577276 0.5835374816266535 0.34257480098819654 0.5835374816266535
0 0.42876749931375235 0.6722195002449779 0.49601976393082625 0.6722195002449779 0.49601976393082625 0.7956883880450759 0.42876749931375235 0.7956883880450759
1 0.3414768048311831 0.5634492895639392 0.3516332692835575 0.5634492895639392 0.3516332692835575 0.576188143067124 0.3414768048311831 0.576188143067124
0 0.4109250617622838 0.6050955414012739 0.4430414493549273 0.6050955414012739 0.4430414493549273 0.6281234688878 0.4109250617622838 0.6281234688878
1 0.340653307713423 0.6202841744243017 0.44935492725775456 0.6202841744243017 0.44935492725775456 0.6442920137187653 0.340653307713423 0.6442920137187653
0 0.3228108701619545 0.6575208231259188 0.33735931924238266 0.6575208231259188 0.33735931924238266 0.6932876041156296 0.3228108701619545 0.6932876041156296
0 0.42547351084271207 0.6423321901028908 0.4446884435904474 0.6423321901028908 0.4446884435904474 0.6619304262616365 0.42547351084271207 0.6619304262616365
1 0.412572055997804 0.5869671729544341 0.42821850123524563 0.5869671729544341 0.42821850123524563 0.5903968642822146 0.412572055997804 0.5903968642822146
1 0.5179796870710953 0.9612934835864773 0.5610760362338731 0.9612934835864773 0.5610760362338731 0.9750122488975992 0.5179796870710953 0.9750122488975992
0 0.00027449903925336194 0.7520823125918666 0.12517156189953335 0.7520823125918666 0.12517156189953335 0.8809407153356198 0.00027449903925336194 0.8809407153356198
1 0.38155366456217404 0.5668789808917198 0.4265715069997255 0.5668789808917198 0.4265715069997255 0.5810877021068104 0.38155366456217404 0.5810877021068104
0 0.31759538841614054 0.5551200391964723 0.3272028547900082 0.5551200391964723 0.3272028547900082 0.5801077902988732 0.31759538841614054 0.5801077902988732
0 0.40214109250617625 0.595296423321901 0.40927806752676366 0.595296423321901 0.40927806752676366 0.6139147476727095 0.40214109250617625 0.6139147476727095
1 0.41202305791929733 0.5928466438020579 0.4326104858632995 0.5928466438020579 0.4326104858632995 0.5972562469377756 0.41202305791929733 0.5972562469377756
1 0.3530057644798243 0.7986281234688879 0.3818281636014274 0.7986281234688879 0.3818281636014274 0.809407153356198 0.3530057644798243 0.809407153356198
0 0.4751578369475707 0.7893189612934836 0.5212736755421357 0.7893189612934836 0.5212736755421357 0.9990200881920627 0.4751578369475707 0.9990200881920627
