0 0.5320547945205479 0.8864970645792564 0.544109589041096 0.8864970645792564 0.544109589041096 0.9378669275929551 0.5320547945205479 0.9378669275929551
1 0.34054794520547943 0.925146771037182 0.38438356164383564 0.925146771037182 0.38438356164383564 0.9388454011741684 0.34054794520547943 0.9388454011741684
0 0.4378082191780822 0.7142857142857143 0.4652054794520548 0.7142857142857143 0.4652054794520548 0.8033268101761252 0.4378082191780822 0.8033268101761252
1 0.3241095890410959 0.7411937377690802 0.38630136986301367 0.7411937377690802 0.38630136986301367 0.7617416829745597 0.3241095890410959 0.7617416829745597
0 0.42986301369863017 0.5616438356164384 0.4410958904109589 0.5616438356164384 0.4410958904109589 0.6741682974559686 0.42986301369863017 0.6741682974559686
0 0.4608219178082192 0.7974559686888454 0.5216438356164383 0.7974559686888454 0.5216438356164383 0.8825831702544031 0.4608219178082192 0.8825831702544031
0 0.4693150684931507 0.6785714285714286 0.4857534246575343 0.6785714285714286 0.4857534246575343 0.7397260273972603 0.4693150684931507 0.7397260273972603
0 0.3865753424657534 0.675146771037182 0.43452054794520545 0.675146771037182 0.43452054794520545 0.7411937377690802 0.3865753424657534 0.7411937377690802
0 0.33863013698630134 0.7128180039138944 0.36794520547945203 0.7128180039138944 0.36794520547945203 0.7397260273972602 0.33863013698630134 0.7397260273972602
0 0.33342465753424655 0.9329745596868885 0.3476712328767123 0.9329745596868885 0.3476712328767123 0.9980430528375733 0.33342465753424655 0.9980430528375733
0 0.3819178082191781 0.7999021526418787 0.4567123287671233 0.7999021526418787 0.4567123287671233 0.925146771037182 0.3819178082191781 0.925146771037182
0 0.2978082191780822 0.7646771037181996 0.32602739726027397 0.7646771037181996 0.32602739726027397 0.8253424657534247 0.2978082191780822 0.8253424657534247
