1 0.2452054794520548 0.6501956947162426 0.3235616438356164 0.6501956947162426 0.3235616438356164 0.6893346379647749 0.2452054794520548 0.6893346379647749
1 0.18684931506849314 0.6839530332681018 0.29698630136986304 0.6839530332681018 0.29698630136986304 0.7123287671232877 0.18684931506849314 0.7123287671232877
0 0.3863013698630137 0.6169275929549902 0.39945205479452056 0.6169275929549902 0.39945205479452056 0.659491193737769 0.3863013698630137 0.659491193737769
1 0.24986301369863015 0.7353228962818004 0.4876712328767123 0.7353228962818004 0.4876712328767123 0.7749510763209393 0.24986301369863015 0.7749510763209393
0 0.2550684931506849 0.7798434442270059 0.3117808219178082 0.7798434442270059 0.3117808219178082 0.8698630136986301 0.2550684931506849 0.8698630136986301
0 0.2690410958904109 0.8664383561643836 0.2854794520547945 0.8664383561643836 0.2854794520547945 0.9980430528375734 0.2690410958904109 0.9980430528375734
0 0.3254794520547945 0.5694716242661448 0.3613698630136986 0.5694716242661448 0.3613698630136986 0.6516634050880625 0.3254794520547945 0.6516634050880625
0 0.08986301369863012 0.8708414872798435 0.17178082191780822 0.8708414872798435 0.17178082191780822 0.9980430528375733 0.08986301369863012 0.9980430528375733
0 0.0005479452054794609 0.7196673189823874 0.13945205479452055 0.7196673189823874 0.13945205479452055 0.8488258317025441 0.0005479452054794609 0.8488258317025441
0 0.30246575342465754 0.6555772994129158 0.3410958904109589 0.6555772994129158 0.3410958904109589 0.7539138943248532 0.30246575342465754 0.7539138943248532
