1 0.16936590721932474 0.7961783439490445 0.21959923140269008 0.7961783439490445 0.21959923140269008 0.8143067123958844 0.16936590721932474 0.8143067123958844
0 0.25720559978040075 0.6962273395394415 0.3044194345319791 0.6962273395394415 0.3044194345319791 0.7824595786379226 0.25720559978040075 0.7824595786379226
0 0.10952511666209169 0.8437040666340029 0.18007136975020588 0.8437040666340029 0.18007136975020588 0.9764821166095051 0.10952511666209169 0.9764821166095051
0 0.19846280538018116 0.7809897109260167 0.2610485863299478 0.7809897109260167 0.2610485863299478 0.8755512003919648 0.19846280538018116 0.8755512003919648
0 0.30990941531704636 0.5717785399314061 0.3414768048311831 0.5717785399314061 0.3414768048311831 0.5933365997060265 0.30990941531704636 0.5933365997060265
0 0.13258303595937415 0.7834394904458598 0.18007136975020588 0.7834394904458598 0.18007136975020588 0.842234198922097 0.13258303595937415 0.842234198922097
0 0.046390337633818286 0.7697207251347379 0.09881965413121055 0.7697207251347379 0.09881965413121055 0.8236158745712886 0.046390337633818286 0.8236158745712886
1 0.271754048860829 0.7236648701616855 0.5330771342300302 0.7236648701616855 0.5330771342300302 0.7809897109260167 0.271754048860829 0.7809897109260167
2 0.09964315124897064 0.6104850563449289 0.2797145209991765 0.6104850563449289 0.2797145209991765 0.7814796668299853 0.09964315124897064 0.7814796668299853
0 0.1762283832006588 0.875061244487996 0.22865769969805105 0.875061244487996 0.22865769969805105 0.9975502204801568 0.1762283832006588 0.9975502204801568
0 0.0027449903925336264 0.8035276825085742 0.044194345319791384 0.8035276825085742 0.044194345319791384 0.8446839784419402 0.0027449903925336264 0.8446839784419402
0 0.3884161405435081 0.5756981871631552 0.4142190502333242 0.5756981871631552 0.4142190502333242 0.6099951004409603 0.3884161405435081 0.6099951004409603
