0 0.41723853966511115 0.5418912297893189 0.4474334339829811 0.5418912297893189 0.4474334339829811 0.5766780989710926 0.41723853966511115 0.5766780989710926
0 0.13917101290145484 0.8853503184713376 0.19599231402690093 0.8853503184713376 0.19599231402690093 1.0 0.13917101290145484 1.0
1 0.21081526214658247 0.6472317491425771 0.27696953060664287 0.6472317491425771 0.27696953060664287 0.658500734933856 0.21081526214658247 0.658500734933856
0 0.4230030194894318 0.5997060264576188 0.4389239637661268 0.5997060264576188 0.4389239637661268 0.629593336599706 0.4230030194894318 0.629593336599706
0 0.36508372220697227 0.6065654091131798 0.38484765303321433 0.6065654091131798 0.38484765303321433 0.6281234688878001 0.36508372220697227 0.6281234688878001
0 0.38402415591545425 0.6374326310632044 0.41010156464452374 0.6374326310632044 0.41010156464452374 0.6629103380695738 0.38402415591545425 0.6629103380695738
0 0.0 0.6829985301322881 0.22865769969805105 0.6829985301322881 0.22865769969805105 0.8637922586967173 0.0 0.8637922586967173
0 0.3972001097996157 0.5737383635472807 0.43782596760911335 0.5737383635472807 0.43782596760911335 0.6046055854973053 0.3972001097996157 0.6046055854973053
1 0.1726598956903651 0.8138167564919158 0.2034037880867417 0.8138167564919158 0.2034037880867417 0.8216560509554139 0.1726598956903651 0.8216560509554139
0 0.36755421356025253 0.5752082312591866 0.40076859730990944 0.5752082312591866 0.40076859730990944 0.6060754532092112 0.36755421356025253 0.6060754532092112
0 0.1973648092231677 0.6540911317981382 0.24540214109250616 0.6540911317981382 0.24540214109250616 0.6800587947084762 0.1973648092231677 0.6800587947084762
1 0.22810870161954436 0.8118569328760412 0.5284106505627231 0.8118569328760412 0.5284106505627231 0.8794708476237139 0.22810870161954436 0.8794708476237139
0 0.38594564919022784 0.6634002939735424 0.4013175953884161 0.6634002939735424 0.4013175953884161 0.7231749142577168 0.38594564919022784 0.7231749142577168
0 0.22563821026626407 0.602155805977462 0.35739774910787814 0.602155805977462 0.35739774910787814 0.6839784419402254 0.22563821026626407 0.6839784419402254
0 0.4359044743343398 0.8495835374816267 0.48558880043919844 0.8495835374816267 0.48558880043919844 1.0 0.4359044743343398 1.0
0 0.3867691463079879 0.615874571288584 0.40021959923140266 0.615874571288584 0.40021959923140266 0.6344928956393925 0.3867691463079879 0.6344928956393925
0 0.4271205050782322 0.6550710436060754 0.4553939061213286 0.6550710436060754 0.4553939061213286 0.8378245957863792 0.4271205050782322 0.8378245957863792
