0 0.14547945205479454 0.6614481409001957 0.1958904109589041 0.6614481409001957 0.1958904109589041 0.6859099804305283 0.14547945205479454 0.6859099804305283
0 0.16794520547945208 0.6521526418786693 0.23205479452054795 0.6521526418786693 0.23205479452054795 0.737279843444227 0.16794520547945208 0.737279843444227
0 0.20904109589041098 0.6154598825831703 0.24054794520547945 0.6154598825831703 0.24054794520547945 0.6565557729941291 0.20904109589041098 0.6565557729941291
2 0.1073972602739726 0.8874755381604696 0.2380821917808219 0.8874755381604696 0.2380821917808219 0.9955968688845401 0.1073972602739726 0.9955968688845401
0 0.2106849315068493 0.8664383561643836 0.256986301369863 0.8664383561643836 0.256986301369863 0.9217221135029354 0.2106849315068493 0.9217221135029354
0 0.07534246575342467 0.7045009784735812 0.1210958904109589 0.7045009784735812 0.1210958904109589 0.7446183953033267 0.07534246575342467 0.7446183953033267
0 0.2421917808219178 0.5743639921722113 0.286027397260274 0.5743639921722113 0.286027397260274 0.6144814090019569 0.2421917808219178 0.6144814090019569
0 0.18493150684931506 0.8356164383561644 0.21041095890410957 0.8356164383561644 0.21041095890410957 0.8816046966731899 0.18493150684931506 0.8816046966731899
0 0.21123287671232877 0.7984344422700588 0.25589041095890414 0.7984344422700588 0.25589041095890414 0.8395303326810176 0.21123287671232877 0.8395303326810176
1 0.0 0.8126223091976517 0.033424657534246574 0.8126223091976517 0.033424657534246574 0.826320939334638 0.0 0.826320939334638
