0 0.39369863013698625 0.6272015655577299 0.40356164383561643 0.6272015655577299 0.40356164383561643 0.6634050880626223 0.39369863013698625 0.6634050880626223
0 0.406027397260274 0.538160469667319 0.4109589041095891 0.538160469667319 0.4109589041095891 0.552348336594912 0.406027397260274 0.552348336594912
0 0.4180821917808219 0.9545009784735812 0.4304109589041096 0.9545009784735812 0.4304109589041096 0.9980430528375734 0.4180821917808219 0.9980430528375734
0 0.3189041095890411 0.648238747553816 0.3542465753424658 0.648238747553816 0.3542465753424658 0.7294520547945205 0.3189041095890411 0.7294520547945205
0 0.21260273972602742 0.6262230919765166 0.2284931506849315 0.6262230919765166 0.2284931506849315 0.638454011741683 0.21260273972602742 0.638454011741683
0 0.30684931506849317 0.8395303326810176 0.316986301369863 0.8395303326810176 0.316986301369863 0.9099804305283757 0.30684931506849317 0.9099804305283757
0 0.41671232876712333 0.654109589041096 0.4295890410958904 0.654109589041096 0.4295890410958904 0.6883561643835616 0.41671232876712333 0.6883561643835616
0 0.3747945205479452 0.7832681017612525 0.3931506849315069 0.7832681017612525 0.3931506849315069 0.8405088062622309 0.3747945205479452 0.8405088062622309
0 0.38246575342465755 0.850293542074364 0.4161643835616438 0.850293542074364 0.4161643835616438 0.9672211350293543 0.38246575342465755 0.9672211350293543
0 0.4084931506849315 0.584637964774951 0.41506849315068495 0.584637964774951 0.41506849315068495 0.6457925636007827 0.4084931506849315 0.6457925636007827
0 0.33342465753424655 0.6247553816046967 0.3476712328767123 0.6247553816046967 0.3476712328767123 0.6492172211350293 0.33342465753424655 0.6492172211350293
0 0.41342465753424656 0.7632093933463796 0.4515068493150685 0.7632093933463796 0.4515068493150685 0.8473581213307241 0.41342465753424656 0.8473581213307241
0 0.3956164383561644 0.5831702544031311 0.4027397260273972 0.5831702544031311 0.4027397260273972 0.6154598825831702 0.3956164383561644 0.6154598825831702
0 0.31945205479452055 0.7666340508806262 0.33643835616438356 0.7666340508806262 0.33643835616438356 0.8356164383561644 0.31945205479452055 0.8356164383561644
0 0.34164383561643835 0.7245596868884541 0.3523287671232877 0.7245596868884541 0.3523287671232877 0.7793542074363993 0.34164383561643835 0.7793542074363993
0 0.4087671232876713 0.565068493150685 0.4158904109589041 0.565068493150685 0.4158904109589041 0.5826810176125244 0.4087671232876713 0.5826810176125244
0 0.33534246575342463 0.8649706457925637 0.3649315068493151 0.8649706457925637 0.3649315068493151 0.9990215264187867 0.33534246575342463 0.9990215264187867
0 0.2852054794520548 0.7480430528375734 0.3010958904109589 0.7480430528375734 0.3010958904109589 0.773972602739726 0.2852054794520548 0.773972602739726
1 0.0030136986301370072 0.8321917808219178 0.556986301369863 0.8321917808219178 0.556986301369863 0.9119373776908023 0.0030136986301370072 0.9119373776908023
0 0.15808219178082192 0.6526418786692759 0.176986301369863 0.6526418786692759 0.176986301369863 0.6678082191780822 0.15808219178082192 0.6678082191780822
0 0.018630136986301365 0.6467710371819961 0.21863013698630138 0.6467710371819961 0.21863013698630138 0.8106653620352251 0.018630136986301365 0.8106653620352251
0 0.356986301369863 0.6046966731898239 0.36876712328767125 0.6046966731898239 0.36876712328767125 0.62720156555773 0.356986301369863 0.62720156555773
