0 0.36684931506849316 0.8228962818003914 0.3928767123287671 0.8228962818003914 0.3928767123287671 0.8463796477495108 0.36684931506849316 0.8463796477495108
0 0.42273972602739723 0.6286692759295499 0.43424657534246575 0.6286692759295499 0.43424657534246575 0.6599804305283757 0.42273972602739723 0.6599804305283757
0 0.38958904109589043 0.9344422700587084 0.4232876712328767 0.9344422700587084 0.4232876712328767 0.9965753424657534 0.38958904109589043 0.9965753424657534
0 0.37123287671232874 0.853228962818004 0.413972602739726 0.853228962818004 0.413972602739726 0.9319960861056752 0.37123287671232874 0.9319960861056752
0 0.33643835616438356 0.7304305283757339 0.3531506849315068 0.7304305283757339 0.3531506849315068 0.8184931506849314 0.33643835616438356 0.8184931506849314
2 0.35315068493150686 0.5929549902152642 0.41726027397260274 0.5929549902152642 0.41726027397260274 0.821917808219178 0.35315068493150686 0.821917808219178
0 0.3673972602739726 0.9329745596868885 0.38904109589041097 0.9329745596868885 0.38904109589041097 0.9965753424657534 0.3673972602739726 0.9965753424657534
0 0.08273972602739725 0.708904109589041 0.25643835616438354 0.708904109589041 0.25643835616438354 0.9975538160469667 0.08273972602739725 0.9975538160469667
0 0.2545205479452055 0.6135029354207437 0.3147945205479452 0.6135029354207437 0.3147945205479452 0.7113502935420744 0.2545205479452055 0.7113502935420744
0 0.3049315068493151 0.8160469667318982 0.35753424657534244 0.8160469667318982 0.35753424657534244 0.9941291585127202 0.3049315068493151 0.9941291585127202
0 0.4328767123287671 0.812133072407045 0.46246575342465757 0.812133072407045 0.46246575342465757 0.9980430528375734 0.4328767123287671 0.9980430528375734
