0 0.40986301369863015 0.6193737769080235 0.41890410958904106 0.6193737769080235 0.41890410958904106 0.6443248532289628 0.40986301369863015 0.6443248532289628
1 0.24520547945205476 0.732876712328767 0.552054794520548 0.732876712328767 0.552054794520548 0.7935420743639922 0.24520547945205476 0.7935420743639922
1 0.10027397260273972 0.6961839530332681 0.32630136986301367 0.6961839530332681 0.32630136986301367 0.7436399217221135 0.10027397260273972 0.7436399217221135
0 0.4386301369863014 0.649706457925636 0.4501369863013699 0.649706457925636 0.4501369863013699 0.6727005870841487 0.4386301369863014 0.6727005870841487
0 0.4054794520547945 0.6859099804305284 0.4153424657534247 0.6859099804305284 0.4153424657534247 0.7177103718199609 0.4054794520547945 0.7177103718199609
0 0.4252054794520548 0.6991193737769079 0.4413698630136986 0.6991193737769079 0.4413698630136986 0.7265166340508806 0.4252054794520548 0.7265166340508806
1 0.27999999999999997 0.7201565557729941 0.46465753424657535 0.7201565557729941 0.46465753424657535 0.7407045009784736 0.27999999999999997 0.7407045009784736
1 0.30082191780821915 0.663894324853229 0.38904109589041097 0.663894324853229 0.38904109589041097 0.6956947162426614 0.30082191780821915 0.6956947162426614
0 0.313972602739726 0.6232876712328768 0.36054794520547945 0.6232876712328768 0.36054794520547945 0.6570450097847358 0.313972602739726 0.6570450097847358
0 0.3158904109589041 0.6643835616438357 0.33506849315068493 0.6643835616438357 0.33506849315068493 0.6912915851272016 0.3158904109589041 0.6912915851272016
1 0.39013698630136984 0.6580234833659492 0.4452054794520548 0.6580234833659492 0.4452054794520548 0.6687866927592955 0.39013698630136984 0.6687866927592955
