0 0.35602525391161133 0.6246937775600196 0.4032390886631897 0.6246937775600196 0.4032390886631897 1.0 0.35602525391161133 1.0
0 0.4394729618446335 0.7295443410093092 0.5138622014822948 0.7295443410093092 0.5138622014822948 0.8892699657030867 0.4394729618446335 0.8892699657030867
0 0.44468844359044746 0.6095051445369917 0.459511391710129 0.6095051445369917 0.459511391710129 0.6305732484076434 0.44468844359044746 0.6305732484076434
0 0.24073565742519903 0.5717785399314061 0.3343398298105957 0.5717785399314061 0.3343398298105957 0.6575208231259186 0.24073565742519903 0.6575208231259186
0 0.3719461981883063 0.5717785399314061 0.3944551194070821 0.5717785399314061 0.3944551194070821 0.6658500734933857 0.3719461981883063 0.6658500734933857
0 0.4282185012352457 0.5948064674179324 0.43782596760911335 0.5948064674179324 0.43782596760911335 0.6163645271925527 0.4282185012352457 0.6163645271925527
0 0.4408454570409004 0.875061244487996 0.46335437825967607 0.875061244487996 0.46335437825967607 0.9975502204801568 0.4408454570409004 0.9975502204801568
0 0.4243755146856986 0.6099951004409603 0.4402964589623936 0.6099951004409603 0.4402964589623936 0.6536011758941696 0.4243755146856986 0.6536011758941696
0 0.4103760636837771 0.5379715825575697 0.42300301948943175 0.5379715825575697 0.42300301948943175 0.5683488486036257 0.4103760636837771 0.5683488486036257
0 0.39912160307438926 0.6320431161195492 0.5149601976393082 0.6320431161195492 0.5149601976393082 1.0 0.39912160307438926 1.0
0 0.10540763107329124 0.8304752572268497 0.2143837496568762 0.8304752572268497 0.2143837496568762 1.0 0.10540763107329124 1.0
0 0.4457864397474609 0.648701616854483 0.4551194070820752 0.648701616854483 0.4551194070820752 0.6825085742283195 0.4457864397474609 0.6825085742283195
0 0.4268460060389789 0.6800587947084763 0.440570958001647 0.6800587947084763 0.440570958001647 0.7192552670259676 0.4268460060389789 0.7192552670259676
0 0.4172385396651112 0.5678588926996571 0.42904199835300577 0.5678588926996571 0.42904199835300577 0.6021558059774621 0.4172385396651112 0.6021558059774621
0 0.3944551194070821 0.5688388045075943 0.41641504254735107 0.5688388045075943 0.41641504254735107 0.6065654091131798 0.3944551194070821 0.6065654091131798
0 0.19379632171287403 0.6139147476727095 0.3326928355750755 0.6139147476727095 0.3326928355750755 0.8368446839784419 0.19379632171287403 0.8368446839784419
