0 0.4276695031567389 0.5575698187163155 0.4510019214932748 0.5575698187163155 0.4510019214932748 0.576188143067124 0.4276695031567389 0.576188143067124
0 0.4488059291792479 0.6472317491425772 0.4586878945923689 0.6472317491425772 0.4586878945923689 0.6849583537481627 0.4488059291792479 0.6849583537481627
0 0.3461432884984903 0.6114649681528662 0.3670052154817458 0.6114649681528662 0.3670052154817458 0.6393924546790789 0.3461432884984903 0.6393924546790789
0 0.44825693110074116 0.5933365997060264 0.45264891572879495 0.5933365997060264 0.45264891572879495 0.6080352768250857 0.44825693110074116 0.6080352768250857
0 0.4161405435080977 0.5992160705536502 0.42217952237167167 0.5992160705536502 0.42217952237167167 0.6090151886330231 0.4161405435080977 0.6090151886330231
0 0.4886082898709855 0.8319451249387555 0.5048037331869338 0.8319451249387555 0.5048037331869338 0.8882900538951495 0.4886082898709855 0.8882900538951495
1 0.4485314301399945 0.7128858402743753 0.4833928081251716 0.7128858402743753 0.4833928081251716 0.7285644292013719 0.4485314301399945 0.7285644292013719
0 0.42355201756793853 0.576188143067124 0.4751578369475707 0.576188143067124 0.4751578369475707 0.9990200881920627 0.42355201756793853 0.9990200881920627
1 0.34394729618446335 0.7060264576188142 0.43288498490255284 0.7060264576188142 0.43288498490255284 0.7270945614894659 0.34394729618446335 0.7270945614894659
0 0.34449629426297007 0.5737383635472807 0.384573153993961 0.5737383635472807 0.384573153993961 0.6080352768250857 0.34449629426297007 0.6080352768250857
