2 0.000547945205479454 0.7925636007827789 0.09178082191780823 0.7925636007827789 0.09178082191780823 0.9261252446183953 0.000547945205479454 0.9261252446183953
0 0.2621917808219178 0.7411937377690802 0.29041095890410956 0.7411937377690802 0.29041095890410956 0.7925636007827789 0.2621917808219178 0.7925636007827789
2 0.4432876712328767 0.5645792563600783 0.4572602739726027 0.5645792563600783 0.4572602739726027 0.6120352250489237 0.4432876712328767 0.6120352250489237
2 0.16575342465753423 0.6727005870841487 0.2273972602739726 0.6727005870841487 0.2273972602739726 0.7573385518590998 0.16575342465753423 0.7573385518590998
0 0.11205479452054795 0.8532289628180039 0.21506849315068494 0.8532289628180039 0.21506849315068494 0.9897260273972603 0.11205479452054795 0.9897260273972603
2 0.08191780821917807 0.7211350293542075 0.18547945205479452 0.7211350293542075 0.18547945205479452 0.8615459882583171 0.08191780821917807 0.8615459882583171
2 0.3306849315068493 0.6037181996086106 0.41013698630136985 0.6037181996086106 0.41013698630136985 0.7211350293542075 0.3306849315068493 0.7211350293542075
2 0.4076712328767123 0.7416829745596869 0.5523287671232877 0.7416829745596869 0.5523287671232877 0.9960861056751467 0.4076712328767123 0.9960861056751467
2 0.43561643835616437 0.6213307240704501 0.4736986301369863 0.6213307240704501 0.4736986301369863 0.6908023483365949 0.43561643835616437 0.6908023483365949
0 0.2019178082191781 0.7211350293542075 0.3284931506849315 0.7211350293542075 0.3284931506849315 0.9955968688845401 0.2019178082191781 0.9955968688845401
0 0.31178082191780826 0.6364970645792564 0.3493150684931507 0.6364970645792564 0.3493150684931507 0.6908023483365949 0.31178082191780826 0.6908023483365949
