0 0.05178082191780821 0.7318982387475538 0.2273972602739726 0.7318982387475538 0.2273972602739726 0.8238747553816047 0.05178082191780821 0.8238747553816047
0 0.13835616438356163 0.6306262230919766 0.22684931506849315 0.6306262230919766 0.22684931506849315 0.6961839530332681 0.13835616438356163 0.6961839530332681
0 0.19013698630136985 0.6413894324853229 0.27013698630136984 0.6413894324853229 0.27013698630136984 0.6952054794520548 0.19013698630136985 0.6952054794520548
0 0.2136986301369863 0.6247553816046967 0.30054794520547945 0.6247553816046967 0.30054794520547945 0.7245596868884541 0.2136986301369863 0.7245596868884541
0 0.04821917808219178 0.8287671232876712 0.07863013698630136 0.8287671232876712 0.07863013698630136 0.9990215264187867 0.04821917808219178 0.9990215264187867
0 0.29863013698630136 0.9006849315068493 0.31342465753424653 0.9006849315068493 0.31342465753424653 0.9931506849315068 0.29863013698630136 0.9931506849315068
0 0.26273972602739726 0.5450097847358122 0.3731506849315068 0.5450097847358122 0.3731506849315068 0.601761252446184 0.26273972602739726 0.601761252446184
0 0.31945205479452055 0.7495107632093934 0.35041095890410956 0.7495107632093934 0.35041095890410956 0.8204500978473581 0.31945205479452055 0.8204500978473581
0 0.9175342465753424 0.87573385518591 0.9753424657534246 0.87573385518591 0.9753424657534246 0.912426614481409 0.9175342465753424 0.912426614481409
0 0.0 0.6937377690802349 0.18876712328767123 0.6937377690802349 0.18876712328767123 0.8194716242661448 0.0 0.8194716242661448
