0 0.6176228383200659 0.932876041156296 0.6604446884435904 0.932876041156296 0.6604446884435904 0.9990200881920628 0.6176228383200659 0.9990200881920628
0 0.1740323908866319 0.8902498775110239 0.2327751852868515 0.8902498775110239 0.2327751852868515 1.0 0.1740323908866319 1.0
0 0.12819105133132036 0.7236648701616855 0.15591545429590997 0.7236648701616855 0.15591545429590997 0.7628613424791768 0.12819105133132036 0.7628613424791768
0 0.412572055997804 0.7109260166585007 0.4430414493549273 0.7109260166585007 0.4430414493549273 0.9990200881920628 0.412572055997804 0.9990200881920628
0 0.2901454844908043 0.8598726114649682 0.324732363436728 0.8598726114649682 0.324732363436728 0.9980401763841253 0.2901454844908043 0.9980401763841253
0 0.5009607466373868 0.684468397844194 0.5838594564919023 0.684468397844194 0.5838594564919023 0.8775110240078393 0.5009607466373868 0.8775110240078393
0 0.324732363436728 0.7560019598236158 0.33873181443864947 0.7560019598236158 0.33873181443864947 0.8147966682998531 0.324732363436728 0.8147966682998531
0 0.28465550370573706 0.7824595786379226 0.30496843261048584 0.7824595786379226 0.30496843261048584 0.8358647721705047 0.28465550370573706 0.8358647721705047
0 0.48641229755695853 0.7824595786379226 0.5160581937963217 0.7824595786379226 0.5160581937963217 0.8397844194022538 0.48641229755695853 0.8397844194022538
0 0.4581388965138622 0.8530132288094072 0.5056272303046939 0.8530132288094072 0.5056272303046939 0.9975502204801567 0.4581388965138622 0.9975502204801567
0 0.0024704913532802575 0.7550220480156786 0.1254460609387867 0.7550220480156786 0.1254460609387867 0.8922097011268986 0.0024704913532802575 0.8922097011268986
