0 0.24191780821917808 0.9706457925636008 0.25123287671232875 0.9706457925636008 0.25123287671232875 0.9975538160469667 0.24191780821917808 0.9975538160469667
0 0.02136986301369863 0.7093933463796477 0.14493150684931505 0.7093933463796477 0.14493150684931505 0.8170254403131115 0.02136986301369863 0.8170254403131115
0 0.26027397260273977 0.6868884540117417 0.36 0.6868884540117417 0.36 0.8723091976516635 0.26027397260273977 0.8723091976516635
0 0.26246575342465756 0.8698630136986302 0.32 0.8698630136986302 0.32 0.9823874755381604 0.26246575342465756 0.9823874755381604
0 0.3408219178082192 0.5865949119373778 0.3936986301369863 0.5865949119373778 0.3936986301369863 0.6599804305283757 0.3408219178082192 0.6599804305283757
0 0.48931506849315065 0.6996086105675148 0.5386301369863014 0.6996086105675148 0.5386301369863014 0.7734833659491194 0.48931506849315065 0.7734833659491194
0 0.31999999999999995 0.5518590998043054 0.3441095890410959 0.5518590998043054 0.3441095890410959 0.5792563600782779 0.31999999999999995 0.5792563600782779
0 0.41808219178082195 0.5753424657534246 0.4282191780821918 0.5753424657534246 0.4282191780821918 0.5954011741682975 0.41808219178082195 0.5954011741682975
1 0.43534246575342467 0.611545988258317 0.4638356164383562 0.611545988258317 0.4638356164383562 0.6267123287671232 0.43534246575342467 0.6267123287671232
0 0.1558904109589041 0.7245596868884541 0.1797260273972603 0.7245596868884541 0.1797260273972603 0.759784735812133 0.1558904109589041 0.759784735812133
0 0.2556164383561644 0.5777886497064579 0.32 0.5777886497064579 0.32 0.6457925636007829 0.2556164383561644 0.6457925636007829
0 0.3610958904109589 0.5587084148727984 0.3789041095890411 0.5587084148727984 0.3789041095890411 0.5875733855185911 0.3610958904109589 0.5875733855185911
0 0.3172602739726027 0.5958904109589042 0.33945205479452056 0.5958904109589042 0.33945205479452056 0.6384540117416829 0.3172602739726027 0.6384540117416829
1 0.3454794520547945 0.6565557729941291 0.4046575342465753 0.6565557729941291 0.4046575342465753 0.6952054794520548 0.3454794520547945 0.6952054794520548
0 0.22246575342465752 0.6262230919765167 0.3035616438356164 0.6262230919765167 0.3035616438356164 0.6824853228962818 0.22246575342465752 0.6824853228962818
1 0.36575342465753424 0.6232876712328768 0.43150684931506844 0.6232876712328768 0.43150684931506844 0.648238747553816 0.36575342465753424 0.648238747553816
0 0.3884931506849315 0.6961839530332681 0.4246575342465754 0.6961839530332681 0.4246575342465754 0.9980430528375734 0.3884931506849315 0.9980430528375734
0 0.12054794520547946 0.8639921722113503 0.19945205479452055 0.8639921722113503 0.19945205479452055 0.9980430528375733 0.12054794520547946 0.9980430528375733
0 0.1758904109589041 0.6824853228962818 0.22273972602739725 0.6824853228962818 0.22273972602739725 0.7250489236790606 0.1758904109589041 0.7250489236790606
0 0.19534246575342468 0.7852250489236791 0.23726027397260274 0.7852250489236791 0.23726027397260274 0.853228962818004 0.19534246575342468 0.853228962818004
1 0.18164383561643838 0.7235812133072408 0.2536986301369863 0.7235812133072408 0.2536986301369863 0.7666340508806262 0.18164383561643838 0.7666340508806262
0 0.4054794520547945 0.5958904109589042 0.4178082191780822 0.5958904109589042 0.4178082191780822 0.6223091976516634 0.4054794520547945 0.6223091976516634
0 0.4249315068493151 0.6472602739726028 0.4978082191780822 0.6472602739726028 0.4978082191780822 0.9975538160469668 0.4249315068493151 0.9975538160469668
1 0.06684931506849315 0.652641878669276 0.34191780821917805 0.652641878669276 0.34191780821917805 0.7270058708414873 0.06684931506849315 0.7270058708414873
0 0.4295890410958904 0.5968688845401174 0.4364383561643836 0.5968688845401174 0.4364383561643836 0.6301369863013698 0.4295890410958904 0.6301369863013698
0 0.39287671232876714 0.5812133072407045 0.40493150684931506 0.5812133072407045 0.40493150684931506 0.5900195694716243 0.39287671232876714 0.5900195694716243
