0 0.23661817183639858 0.6124448799608035 0.2665385671150151 0.6124448799608035 0.2665385671150151 0.6692797648211661 0.23661817183639858 0.6692797648211661
0 0.34449629426297007 0.5634492895639392 0.3516332692835575 0.5634492895639392 0.3516332692835575 0.5972562469377757 0.34449629426297007 0.5972562469377757
0 0.0 0.7672709456148946 0.07768322810870162 0.7672709456148946 0.07768322810870162 0.8456638902498775 0.0 0.8456638902498775
0 0.18254186110348614 0.6810387065164135 0.23277518528685148 0.6810387065164135 0.23277518528685148 0.7716805487506125 0.18254186110348614 0.7716805487506125
0 0.4147680483118309 0.8633023027927487 0.4523744166895416 0.8633023027927487 0.4523744166895416 0.9975502204801567 0.4147680483118309 0.9975502204801567
0 0.39692561076036237 0.7775600195982362 0.4098270656052704 0.7775600195982362 0.4098270656052704 0.8740813326800587 0.39692561076036237 0.8740813326800587
2 0.24430414493549274 0.5159235668789809 0.2843810046664837 0.5159235668789809 0.2843810046664837 0.5913767760901519 0.24430414493549274 0.5913767760901519
0 0.4002195992314027 0.9015188633023028 0.4191600329398847 0.9015188633023028 0.4191600329398847 0.9985301322880942 0.4002195992314027 0.9985301322880942
0 0.19050233324183366 0.7902988731014209 0.2327751852868515 0.7902988731014209 0.2327751852868515 0.8721215090641843 0.19050233324183366 0.8721215090641843
0 0.0027449903925336333 0.6908378245957864 0.17732637935767226 0.6908378245957864 0.17732637935767226 0.8873101420872122 0.0027449903925336333 0.8873101420872122
0 0.22371671699149054 0.7025967662910337 0.2714795498215756 0.7025967662910337 0.2714795498215756 0.7814796668299853 0.22371671699149054 0.7814796668299853
0 0.35520175679385124 0.5609995100440961 0.4133955531155641 0.5609995100440961 0.4133955531155641 0.7236648701616855 0.35520175679385124 0.7236648701616855
