0 0.25890410958904114 0.6824853228962817 0.28027397260273973 0.6824853228962817 0.28027397260273973 0.7035225048923679 0.25890410958904114 0.7035225048923679
1 0.36082191780821915 0.6868884540117417 0.3904109589041096 0.6868884540117417 0.3904109589041096 0.7245596868884541 0.36082191780821915 0.7245596868884541
0 0.2682191780821918 0.6648727984344422 0.2736986301369863 0.6648727984344422 0.2736986301369863 0.6810176125244618 0.2682191780821918 0.6810176125244618
0 0.3232876712328767 0.5968688845401174 0.33534246575342463 0.5968688845401174 0.33534246575342463 0.62279843444227 0.3232876712328767 0.62279843444227
0 0.3328767123287671 0.6487279843444227 0.33972602739726027 0.6487279843444227 0.33972602739726027 0.6643835616438356 0.3328767123287671 0.6643835616438356
1 0.3145205479452055 0.6340508806262231 0.34 0.6340508806262231 0.34 0.6492172211350293 0.3145205479452055 0.6492172211350293
0 0.3098630136986301 0.6648727984344422 0.3183561643835616 0.6648727984344422 0.3183561643835616 0.6815068493150684 0.3098630136986301 0.6815068493150684
1 0.08767123287671233 0.7759295499021526 0.3021917808219178 0.7759295499021526 0.3021917808219178 0.8047945205479452 0.08767123287671233 0.8047945205479452
1 0.3441095890410959 0.7832681017612524 0.5101369863013698 0.7832681017612524 0.5101369863013698 0.7969667318982387 0.3441095890410959 0.7969667318982387
0 0.2841095890410959 0.7186888454011742 0.2980821917808219 0.7186888454011742 0.2980821917808219 0.7367906066536203 0.2841095890410959 0.7367906066536203
2 0.054794520547945216 0.7793542074363992 0.0936986301369863 0.7793542074363992 0.0936986301369863 0.8243639921722113 0.054794520547945216 0.8243639921722113
1 0.2813698630136986 0.6198630136986302 0.3156164383561644 0.6198630136986302 0.3156164383561644 0.6364970645792564 0.2813698630136986 0.6364970645792564
1 0.33452054794520547 0.6619373776908024 0.36931506849315066 0.6619373776908024 0.36931506849315066 0.6868884540117417 0.33452054794520547 0.6868884540117417
2 0.2101369863013699 0.7715264187866928 0.3838356164383562 0.7715264187866928 0.3838356164383562 1.0 0.2101369863013699 1.0
0 0.32054794520547947 0.6433463796477494 0.32547945205479456 0.6433463796477494 0.32547945205479456 0.6565557729941291 0.32054794520547947 0.6565557729941291
0 0.292054794520548 0.646771037181996 0.29726027397260274 0.646771037181996 0.29726027397260274 0.6678082191780822 0.292054794520548 0.6678082191780822
0 0.19041095890410958 0.7108610567514677 0.20465753424657535 0.7108610567514677 0.20465753424657535 0.7250489236790607 0.19041095890410958 0.7250489236790607
0 0.289041095890411 0.7426614481409002 0.2964383561643836 0.7426614481409002 0.2964383561643836 0.7700587084148729 0.289041095890411 0.7700587084148729
