0 0.09223167718912983 0.7471827535521803 0.11336810321163876 0.7471827535521803 0.11336810321163876 0.7917687408133268 0.09223167718912983 0.7917687408133268
0 0.3908866318967884 0.6648701616854483 0.4054350809772166 0.6648701616854483 0.4054350809772166 0.7295443410093091 0.3908866318967884 0.7295443410093091
0 0.4295909964315125 0.8848603625673689 0.4411199560801537 0.8848603625673689 0.4411199560801537 0.9412052915237629 0.4295909964315125 0.9412052915237629
0 0.4081800713697502 0.6457618814306711 0.4312379906670326 0.6457618814306711 0.4312379906670326 0.7457128858402744 0.4081800713697502 0.7457128858402744
0 0.38786714246500137 0.5801077902988732 0.3928081251715619 0.5801077902988732 0.3928081251715619 0.6060754532092112 0.38786714246500137 0.6060754532092112
0 0.3804556684051606 0.5948064674179324 0.3919846280538018 0.5948064674179324 0.3919846280538018 0.621264086232239 0.3804556684051606 0.621264086232239
0 0.4488059291792479 0.9353258206761391 0.46939335712325003 0.9353258206761391 0.46939335712325003 0.9931406173444389 0.4488059291792479 0.9931406173444389
0 0.40433708482020314 0.5418912297893189 0.4090035684875103 0.5418912297893189 0.4090035684875103 0.5546300832925036 0.40433708482020314 0.5546300832925036
0 0.38045566840516054 0.7413032827045566 0.40653307713423004 0.7413032827045566 0.40653307713423004 0.9975502204801568 0.38045566840516054 0.9975502204801568
0 0.39994510019214935 0.5208231259186673 0.40433708482020314 0.5208231259186673 0.40433708482020314 0.5330720235178834 0.39994510019214935 0.5330720235178834
0 0.393631622289322 0.5389514943655072 0.4024155915454296 0.5389514943655072 0.4024155915454296 0.5722684958353748 0.393631622289322 0.5722684958353748
1 0.40653307713423004 0.61734443900049 0.4210815262146582 0.61734443900049 0.4210815262146582 0.6295933365997061 0.40653307713423004 0.6295933365997061
0 0.14438649464726874 0.7021068103870652 0.15509195717814986 0.7021068103870652 0.15509195717814986 0.72562469377756 0.14438649464726874 0.72562469377756
0 0.0005489980785067256 0.8432141107300343 0.027449903925336264 0.8432141107300343 0.027449903925336264 0.8868201861832435 0.0005489980785067256 0.8868201861832435
0 0.4076310732912435 0.5600195982361587 0.4210815262146582 0.5600195982361587 0.4210815262146582 0.596766291033807 0.4076310732912435 0.596766291033807
