0 0.689041095890411 0.8057729941291585 0.8536986301369862 0.8057729941291585 0.8536986301369862 0.9681996086105675 0.689041095890411 0.9681996086105675
0 0.40739726027397255 0.5161448140900196 0.4106849315068493 0.5161448140900196 0.4106849315068493 0.5234833659491194 0.40739726027397255 0.5234833659491194
0 0.2967123287671233 0.5567514677103718 0.3287671232876712 0.5567514677103718 0.3287671232876712 0.5797455968688845 0.2967123287671233 0.5797455968688845
0 0.4235616438356164 0.6296477495107632 0.4334246575342466 0.6296477495107632 0.4334246575342466 0.6506849315068494 0.4235616438356164 0.6506849315068494
0 0.8520547945205479 0.8679060665362035 0.9975342465753425 0.8679060665362035 0.9975342465753425 0.9657534246575343 0.8520547945205479 0.9657534246575343
0 0.00328767123287671 0.7397260273972602 0.13068493150684932 0.7397260273972602 0.13068493150684932 0.886986301369863 0.00328767123287671 0.886986301369863
0 0.4024657534246575 0.5440313111545988 0.4213698630136986 0.5440313111545988 0.4213698630136986 0.5958904109589042 0.4024657534246575 0.5958904109589042
0 0.16465753424657534 0.6614481409001957 0.19917808219178082 0.6614481409001957 0.19917808219178082 0.6834637964774951 0.16465753424657534 0.6834637964774951
0 0.24547945205479454 0.6105675146771037 0.27095890410958906 0.6105675146771037 0.27095890410958906 0.6325831702544031 0.24547945205479454 0.6325831702544031
0 0.4852054794520548 0.8136007827788649 0.530958904109589 0.8136007827788649 0.530958904109589 1.0 0.4852054794520548 1.0
