0 0.2651660719187483 0.6521313081822636 0.32418336535822123 0.6521313081822636 0.32418336535822123 0.7564919157275846 0.2651660719187483 0.7564919157275846
0 0.21630524293164974 0.7893189612934837 0.23991216030743892 0.7893189612934837 0.23991216030743892 0.869671729544341 0.21630524293164974 0.869671729544341
0 0.09964315124897064 0.6589906908378246 0.18967883612407357 0.6589906908378246 0.18967883612407357 0.7613914747672709 0.09964315124897064 0.7613914747672709
0 0.3840241559154543 0.5698187163155316 0.3925336261323085 0.5698187163155316 0.3925336261323085 0.5948064674179324 0.3840241559154543 0.5948064674179324
0 0.4869612956354653 0.7432631063204311 0.5723304968432611 0.7432631063204311 0.5723304968432611 0.9598236158745712 0.4869612956354653 0.9598236158745712
0 0.34312379906670326 0.759921607055365 0.390612132857535 0.759921607055365 0.390612132857535 0.9353258206761391 0.34312379906670326 0.9353258206761391
0 0.4051605819379632 0.5766780989710926 0.41861103486137796 0.5766780989710926 0.41861103486137796 0.6144047035766781 0.4051605819379632 0.6144047035766781
1 0.012077957727147925 0.7319941205291524 0.5017842437551469 0.7319941205291524 0.5017842437551469 0.792748652621264 0.012077957727147925 0.792748652621264
1 0.1872083447707933 0.9024987751102401 0.5451550919571782 0.9024987751102401 0.5451550919571782 0.9985301322880941 0.1872083447707933 0.9985301322880941
1 0.071918748284381 0.6825085742283195 0.4699423552017568 0.6825085742283195 0.4699423552017568 0.7256246937775601 0.071918748284381 0.7256246937775601
