0 0.2723287671232877 0.6296477495107632 0.32794520547945205 0.6296477495107632 0.32794520547945205 0.732876712328767 0.2723287671232877 0.732876712328767
1 0.25780821917808217 0.7431506849315068 0.4526027397260274 0.7431506849315068 0.4526027397260274 0.7646771037181996 0.25780821917808217 0.7646771037181996
0 0.053698630136986295 0.8654598825831702 0.08493150684931507 0.8654598825831702 0.08493150684931507 0.9178082191780822 0.053698630136986295 0.9178082191780822
0 0.14876712328767122 0.7607632093933464 0.2158904109589041 0.7607632093933464 0.2158904109589041 0.7999021526418787 0.14876712328767122 0.7999021526418787
0 0.2158904109589041 0.6844422700587084 0.24383561643835616 0.6844422700587084 0.24383561643835616 0.7490215264187866 0.2158904109589041 0.7490215264187866
0 0.41342465753424656 0.6164383561643836 0.436986301369863 0.6164383561643836 0.436986301369863 0.7764187866927592 0.41342465753424656 0.7764187866927592
0 0.34849315068493153 0.5758317025440313 0.3558904109589041 0.5758317025440313 0.3558904109589041 0.5836594911937377 0.34849315068493153 0.5836594911937377
0 0.25890410958904114 0.6066536203522505 0.3010958904109589 0.6066536203522505 0.3010958904109589 0.6428571428571429 0.25890410958904114 0.6428571428571429
0 0.13561643835616438 0.8160469667318981 0.17041095890410957 0.8160469667318981 0.17041095890410957 0.8590998043052838 0.13561643835616438 0.8590998043052838
0 0.2421917808219178 0.6443248532289628 0.273972602739726 0.6443248532289628 0.273972602739726 0.6829745596868885 0.2421917808219178 0.6829745596868885
