0 0.276986301369863 0.7363013698630136 0.3701369863013698 0.7363013698630136 0.3701369863013698 0.9916829745596869 0.276986301369863 0.9916829745596869
0 0.3726027397260274 0.7035225048923679 0.3819178082191781 0.7035225048923679 0.3819178082191781 0.7465753424657535 0.3726027397260274 0.7465753424657535
0 0.0 0.7607632093933463 0.0852054794520548 0.7607632093933463 0.0852054794520548 0.8287671232876712 0.0 0.8287671232876712
0 0.18520547945205482 0.6868884540117417 0.20767123287671233 0.6868884540117417 0.20767123287671233 0.7128180039138943 0.18520547945205482 0.7128180039138943
0 0.37232876712328766 0.5440313111545988 0.40958904109589045 0.5440313111545988 0.40958904109589045 0.5895303326810176 0.37232876712328766 0.5895303326810176
0 0.39506849315068493 0.7103718199608611 0.4060273972602739 0.7103718199608611 0.4060273972602739 0.8238747553816046 0.39506849315068493 0.8238747553816046
0 0.4106849315068493 0.589041095890411 0.4473972602739726 0.589041095890411 0.4473972602739726 0.6213307240704501 0.4106849315068493 0.6213307240704501
0 0.3372602739726028 0.5968688845401173 0.353972602739726 0.5968688845401173 0.353972602739726 0.6487279843444227 0.3372602739726028 0.6487279843444227
0 0.406027397260274 0.6169275929549902 0.4438356164383562 0.6169275929549902 0.4438356164383562 0.7235812133072408 0.406027397260274 0.7235812133072408
0 0.40164383561643835 0.8194716242661447 0.4731506849315068 0.8194716242661447 0.4731506849315068 0.9965753424657534 0.40164383561643835 0.9965753424657534
1 0.3284931506849315 0.6722113502935421 0.40684931506849314 0.6722113502935421 0.40684931506849314 0.6815068493150684 0.3284931506849315 0.6815068493150684
1 0.16054794520547946 0.7045009784735813 0.2928767123287671 0.7045009784735813 0.2928767123287671 0.7142857142857143 0.16054794520547946 0.7142857142857143
0 0.3991780821917808 0.5489236790606653 0.42191780821917807 0.5489236790606653 0.42191780821917807 0.5636007827788649 0.3991780821917808 0.5636007827788649
0 0.06164383561643835 0.7093933463796478 0.16 0.7093933463796478 0.16 0.8145792563600782 0.06164383561643835 0.8145792563600782
0 0.32164383561643833 0.5665362035225049 0.3389041095890411 0.5665362035225049 0.3389041095890411 0.5973581213307241 0.32164383561643833 0.5973581213307241
1 0.20794520547945206 0.6819960861056752 0.31260273972602737 0.6819960861056752 0.31260273972602737 0.699119373776908 0.20794520547945206 0.699119373776908
