0 0.37798517705188034 0.5458108770210681 0.3941806203678287 0.5458108770210681 0.3941806203678287 0.5683488486036257 0.37798517705188034 0.5683488486036257
0 0.3321438374965688 0.8897599216070553 0.377710678012627 0.8897599216070553 0.377710678012627 0.984811366976972 0.3321438374965688 0.984811366976972
0 0.3903376338182816 0.6001959823615874 0.44880592917924783 0.6001959823615874 0.44880592917924783 0.7001469867711907 0.3903376338182816 0.7001469867711907
0 0.45347241284655504 0.6893679568838804 0.5037057370299204 0.6893679568838804 0.5037057370299204 0.7800097991180794 0.45347241284655504 0.7800097991180794
0 0.346692286576997 0.5071043606075454 0.35959374142190503 0.5071043606075454 0.35959374142190503 0.5242528172464478 0.346692286576997 0.5242528172464478
0 0.34531979138073016 0.5262126408623224 0.35108427120505076 0.5262126408623224 0.35108427120505076 0.533561979421852 0.34531979138073016 0.533561979421852
2 0.17732637935767223 0.5894169524742773 0.23963766126818556 0.5894169524742773 0.23963766126818556 0.6682998530132288 0.17732637935767223 0.6682998530132288
0 0.43645347241284654 0.6942675159235668 0.47323634367279716 0.6942675159235668 0.47323634367279716 0.7824595786379226 0.43645347241284654 0.7824595786379226
0 0.27642053252813614 0.5188633023027928 0.2838320065879769 0.5188633023027928 0.2838320065879769 0.535031847133758 0.27642053252813614 0.535031847133758
2 0.35080977216579745 0.6869181773640372 0.4488059291792479 0.6869181773640372 0.4488059291792479 0.8858402743753062 0.35080977216579745 0.8858402743753062
0 0.3722206972275597 0.5369916707496325 0.37469118858083994 0.5369916707496325 0.37469118858083994 0.5428711415972562 0.3722206972275597 0.5428711415972562
0 0.3203403788086742 0.5110240078392945 0.34175130387043645 0.5110240078392945 0.34175130387043645 0.5286624203821657 0.3203403788086742 0.5286624203821657
0 0.4213560252539116 0.8873101420872122 0.4507274224540214 0.8873101420872122 0.4507274224540214 0.9990200881920627 0.4213560252539116 0.9990200881920627
0 0.35355476255833107 0.5115139637432631 0.3582212462256382 0.5115139637432631 0.3582212462256382 0.518373346398824 0.35355476255833107 0.518373346398824
0 0.5130387043645348 0.7927486526212641 0.6280538018116937 0.7927486526212641 0.6280538018116937 0.965703086722195 0.5130387043645348 0.965703086722195
0 0.36233873181443865 0.5271925526702597 0.36947570683502606 0.5271925526702597 0.36947570683502606 0.5374816266536011 0.36233873181443865 0.5374816266536011
0 0.37606368377710675 0.5707986281234689 0.40296458962393633 0.5707986281234689 0.40296458962393633 0.5962763351298384 0.37606368377710675 0.5962763351298384
0 0.3063409278067527 0.5090641842234198 0.3134779028273401 0.5090641842234198 0.3134779028273401 0.5237628613424792 0.3063409278067527 0.5237628613424792
0 0.35382926159758443 0.5399314061734444 0.3757891847378534 0.5399314061734444 0.3757891847378534 0.6188143067123959 0.35382926159758443 0.6188143067123959
