0 0.22273972602739725 0.7734833659491194 0.23835616438356164 0.7734833659491194 0.23835616438356164 0.8126223091976517 0.22273972602739725 0.8126223091976517
0 0.4024657534246575 0.6306262230919766 0.4413698630136986 0.6306262230919766 0.4413698630136986 1.0 0.4024657534246575 1.0
0 0.14958904109589038 0.6355185909980431 0.21643835616438356 0.6355185909980431 0.21643835616438356 0.6917808219178082 0.14958904109589038 0.6917808219178082
1 0.06356164383561644 0.8439334637964775 0.413972602739726 0.8439334637964775 0.413972602739726 0.8816046966731899 0.06356164383561644 0.8816046966731899
1 0.4158904109589041 0.8546966731898239 0.5545205479452054 0.8546966731898239 0.5545205479452054 0.8860078277886497 0.4158904109589041 0.8860078277886497
0 0.40794520547945207 0.5425636007827788 0.4180821917808219 0.5425636007827788 0.4180821917808219 0.5547945205479452 0.40794520547945207 0.5547945205479452
0 0.2380821917808219 0.6590019569471625 0.30356164383561646 0.6590019569471625 0.30356164383561646 0.7563600782778864 0.2380821917808219 0.7563600782778864
0 0.3805479452054794 0.5817025440313112 0.3904109589041096 0.5817025440313112 0.3904109589041096 0.6286692759295499 0.3805479452054794 0.6286692759295499
0 0.21452054794520548 0.5699608610567515 0.31260273972602737 0.5699608610567515 0.31260273972602737 0.6340508806262231 0.21452054794520548 0.6340508806262231
0 0.4167123287671233 0.565068493150685 0.42657534246575346 0.565068493150685 0.42657534246575346 0.5836594911937377 0.4167123287671233 0.5836594911937377
0 0.41534246575342465 0.5954011741682975 0.4265753424657534 0.5954011741682975 0.4265753424657534 0.6135029354207436 0.41534246575342465 0.6135029354207436
0 0.0884931506849315 0.7318982387475538 0.13315068493150684 0.7318982387475538 0.13315068493150684 0.7764187866927593 0.0884931506849315 0.7764187866927593
0 0.39643835616438355 0.5396281800391389 0.40136986301369865 0.5396281800391389 0.40136986301369865 0.571917808219178 0.39643835616438355 0.571917808219178
