0 0.31945205479452055 0.8439334637964775 0.3539726027397261 0.8439334637964775 0.3539726027397261 0.9985322896281801 0.31945205479452055 0.9985322896281801
0 0.3665753424657534 0.5792563600782779 0.38 0.5792563600782779 0.38 0.6262230919765166 0.3665753424657534 0.6262230919765166
0 0.18958904109589042 0.6457925636007827 0.2210958904109589 0.6457925636007827 0.2210958904109589 0.6756360078277887 0.18958904109589042 0.6756360078277887
1 0.29506849315068495 0.6961839530332681 0.3649315068493151 0.6961839530332681 0.3649315068493151 0.7177103718199609 0.29506849315068495 0.7177103718199609
1 0.19616438356164384 0.6986301369863014 0.25397260273972605 0.6986301369863014 0.25397260273972605 0.7201565557729942 0.19616438356164384 0.7201565557729942
0 0.37972602739726025 0.9657534246575342 0.39424657534246577 0.9657534246575342 0.39424657534246577 0.9990215264187866 0.37972602739726025 0.9990215264187866
0 0.3378082191780822 0.5768101761252445 0.34958904109589045 0.5768101761252445 0.34958904109589045 0.5968688845401174 0.3378082191780822 0.5968688845401174
0 0.41013698630136985 0.6086105675146771 0.42246575342465753 0.6086105675146771 0.42246575342465753 0.6316046966731899 0.41013698630136985 0.6316046966731899
0 0.09835616438356165 0.7084148727984344 0.269041095890411 0.7084148727984344 0.269041095890411 0.9955968688845401 0.09835616438356165 0.9955968688845401
0 0.40876712328767123 0.5836594911937378 0.42 0.5836594911937378 0.42 0.600293542074364 0.40876712328767123 0.600293542074364
1 0.36027397260273974 0.7128180039138943 0.49424657534246574 0.7128180039138943 0.49424657534246574 0.7407045009784736 0.36027397260273974 0.7407045009784736
0 0.3975342465753425 0.5322896281800391 0.4246575342465753 0.5322896281800391 0.4246575342465753 0.5758317025440314 0.3975342465753425 0.5758317025440314
0 0.3293150684931507 0.6203522504892368 0.34767123287671237 0.6203522504892368 0.34767123287671237 0.660958904109589 0.3293150684931507 0.660958904109589
0 0.3975342465753425 0.5870841487279843 0.41287671232876716 0.5870841487279843 0.41287671232876716 0.614481409001957 0.3975342465753425 0.614481409001957
0 0.39123287671232876 0.7054794520547945 0.4063013698630137 0.7054794520547945 0.4063013698630137 0.773972602739726 0.39123287671232876 0.773972602739726
0 0.27671232876712326 0.5929549902152641 0.2873972602739726 0.5929549902152641 0.2873972602739726 0.6051859099804305 0.27671232876712326 0.6051859099804305
