0 0.2893219873730442 0.6923076923076923 0.33022234422179525 0.6923076923076923 0.33022234422179525 0.7726604605585496 0.2893219873730442 0.7726604605585496
0 0.40131759538841616 0.6011758941695247 0.40653307713423004 0.6011758941695247 0.40653307713423004 0.6124448799608035 0.40131759538841616 0.6124448799608035
0 0.2942629700796047 0.5845173934345909 0.3123799066703266 0.5845173934345909 0.3123799066703266 0.6104850563449289 0.2942629700796047 0.6104850563449289
0 0.34943727696953064 0.6178343949044586 0.35877024430414495 0.6178343949044586 0.35877024430414495 0.6457618814306713 0.34943727696953064 0.6457618814306713
0 0.421630524293165 0.5766780989710927 0.44359044743343395 0.5766780989710927 0.44359044743343395 0.615874571288584 0.421630524293165 0.615874571288584
0 0.40433708482020314 0.6148946594806467 0.42602250892121873 0.6148946594806467 0.42602250892121873 0.6908378245957864 0.40433708482020314 0.6908378245957864
0 0.4059840790557233 0.8250857422831945 0.4877847927532254 0.8250857422831945 0.4877847927532254 0.9715825575698187 0.4059840790557233 0.9715825575698187
0 0.01976393082624211 0.7775600195982362 0.08564370024704915 0.7775600195982362 0.08564370024704915 0.8706516413522782 0.01976393082624211 0.8706516413522782
0 0.4542959099643151 0.6521313081822636 0.4718638484765303 0.6521313081822636 0.4718638484765303 0.6962273395394415 0.4542959099643151 0.6962273395394415
0 0.5673895141367005 0.9127878490935816 0.6321712874004941 0.9127878490935816 0.6321712874004941 0.9941205291523764 0.5673895141367005 0.9941205291523764
0 0.25446060938786713 0.8250857422831945 0.28328300850947025 0.8250857422831945 0.28328300850947025 0.9015188633023028 0.25446060938786713 0.9015188633023028
0 0.10376063683777108 0.7084762371386575 0.18116936590721933 0.7084762371386575 0.18116936590721933 0.7961783439490446 0.10376063683777108 0.7961783439490446
0 0.33735931924238266 0.6197942185203331 0.35053527312654403 0.6197942185203331 0.35053527312654403 0.6545810877021068 0.33735931924238266 0.6545810877021068
0 0.42437551468569856 0.6893679568838804 0.4600603897886357 0.6893679568838804 0.4600603897886357 0.8260656540911318 0.42437551468569856 0.8260656540911318
