0 0.38575342465753426 0.7010763209393347 0.4008219178082192 0.7010763209393347 0.4008219178082192 0.726027397260274 0.38575342465753426 0.726027397260274
0 0.42383561643835616 0.5895303326810176 0.4284931506849315 0.5895303326810176 0.4284931506849315 0.6061643835616438 0.42383561643835616 0.6061643835616438
0 0.1410958904109589 0.660958904109589 0.18301369863013697 0.660958904109589 0.18301369863013697 0.689334637964775 0.1410958904109589 0.689334637964775
0 0.4145205479452055 0.9412915851272015 0.42986301369863017 0.9412915851272015 0.42986301369863017 1.0 0.4145205479452055 1.0
0 0.0915068493150685 0.8816046966731897 0.16 0.8816046966731897 0.16 0.9965753424657534 0.0915068493150685 0.9965753424657534
0 0.2906849315068493 0.5665362035225049 0.3134246575342466 0.5665362035225049 0.3134246575342466 0.6550880626223091 0.2906849315068493 0.6550880626223091
0 0.40958904109589045 0.6868884540117417 0.4232876712328767 0.6868884540117417 0.4232876712328767 0.850293542074364 0.40958904109589045 0.850293542074364
0 0.4454794520547945 0.6697651663405089 0.45726027397260277 0.6697651663405089 0.45726027397260277 0.6942270058708415 0.4454794520547945 0.6942270058708415
0 0.4350684931506849 0.8253424657534246 0.4638356164383562 0.8253424657534246 0.4638356164383562 0.9975538160469667 0.4350684931506849 0.9975538160469667
0 0.40794520547945207 0.8512720156555773 0.42520547945205484 0.8512720156555773 0.42520547945205484 0.9016634050880625 0.40794520547945207 0.9016634050880625
0 0.396986301369863 0.586105675146771 0.4227397260273973 0.586105675146771 0.4227397260273973 0.6824853228962817 0.396986301369863 0.6824853228962817
0 0.000547945205479447 0.7025440313111546 0.136986301369863 0.7025440313111546 0.136986301369863 0.8346379647749511 0.000547945205479447 0.8346379647749511
