0 0.18602739726027395 0.7196673189823874 0.24383561643835616 0.7196673189823874 0.24383561643835616 0.8018590998043054 0.18602739726027395 0.8018590998043054
0 0.30794520547945203 0.6599804305283757 0.3252054794520548 0.6599804305283757 0.3252054794520548 0.6942270058708414 0.30794520547945203 0.6942270058708414
0 0.3975342465753425 0.6521526418786693 0.41534246575342465 0.6521526418786693 0.41534246575342465 0.6942270058708414 0.3975342465753425 0.6942270058708414
0 0.3632876712328767 0.6516634050880626 0.3756164383561644 0.6516634050880626 0.3756164383561644 0.686399217221135 0.3632876712328767 0.686399217221135
0 0.2945205479452055 0.5376712328767124 0.3523287671232877 0.5376712328767124 0.3523287671232877 0.639921722113503 0.2945205479452055 0.639921722113503
0 0.28493150684931506 0.6409001956947162 0.31123287671232874 0.6409001956947162 0.31123287671232874 0.6795499021526419 0.28493150684931506 0.6795499021526419
0 0.06356164383561644 0.8238747553816046 0.18356164383561643 0.8238747553816046 0.18356164383561643 0.9921722113502935 0.06356164383561644 0.9921722113502935
1 0.10986301369863014 0.6898238747553816 0.39506849315068493 0.6898238747553816 0.39506849315068493 0.7142857142857143 0.10986301369863014 0.7142857142857143
0 0.36739726027397257 0.5259295499021527 0.37068493150684934 0.5259295499021527 0.37068493150684934 0.5337573385518591 0.36739726027397257 0.5337573385518591
2 0.36 0.687866927592955 0.4471232876712329 0.687866927592955 0.4471232876712329 0.9975538160469668 0.36 0.9975538160469668
0 0.3778082191780822 0.5792563600782779 0.3972602739726027 0.5792563600782779 0.3972602739726027 0.6692759295499022 0.3778082191780822 0.6692759295499022
