0 0.3791780821917808 0.7177103718199609 0.39643835616438355 0.7177103718199609 0.39643835616438355 0.7558708414872799 0.3791780821917808 0.7558708414872799
0 0.347945205479452 0.5841487279843445 0.3747945205479452 0.5841487279843445 0.3747945205479452 0.6159491193737769 0.347945205479452 0.6159491193737769
0 0.40821917808219177 0.5562622309197652 0.4268493150684931 0.5562622309197652 0.4268493150684931 0.6208414872798435 0.40821917808219177 0.6208414872798435
0 0.4298630136986301 0.550880626223092 0.44054794520547946 0.550880626223092 0.44054794520547946 0.5772994129158512 0.4298630136986301 0.5772994129158512
0 0.44246575342465755 0.7059686888454011 0.45780821917808223 0.7059686888454011 0.45780821917808223 0.7818003913894325 0.44246575342465755 0.7818003913894325
0 0.42273972602739723 0.7798434442270059 0.44931506849315067 0.7798434442270059 0.44931506849315067 0.9951076320939334 0.42273972602739723 0.9951076320939334
0 0.41753424657534244 0.6227984344422701 0.4336986301369863 0.6227984344422701 0.4336986301369863 0.6859099804305284 0.41753424657534244 0.6859099804305284
0 0.3841095890410959 0.5680039138943248 0.3947945205479452 0.5680039138943248 0.3947945205479452 0.5758317025440313 0.3841095890410959 0.5758317025440313
0 0.3882191780821918 0.6203522504892367 0.4161643835616438 0.6203522504892367 0.4161643835616438 0.7103718199608611 0.3882191780821918 0.7103718199608611
0 0.4112328767123288 0.684931506849315 0.4421917808219178 0.684931506849315 0.4421917808219178 0.7773972602739726 0.4112328767123288 0.7773972602739726
