0 0.3711227010705463 0.6001959823615874 0.3862201482294812 0.6001959823615874 0.3862201482294812 0.6834884860362567 0.3711227010705463 0.6834884860362567
0 0.060115289596486404 0.958843704066634 0.11474059840790557 0.958843704066634 0.11474059840790557 0.9985301322880942 0.060115289596486404 0.9985301322880942
0 0.305791929728246 0.5732484076433121 0.32418336535822123 0.5732484076433121 0.32418336535822123 0.6389024987751103 0.305791929728246 0.6389024987751103
0 0.1372495196266813 0.7672709456148947 0.26351907768322813 0.7672709456148947 0.26351907768322813 0.943655071043606 0.1372495196266813 0.943655071043606
0 0.26818556135053523 0.6237138657520823 0.2964589623936316 0.6237138657520823 0.2964589623936316 0.6506614404703576 0.26818556135053523 0.6506614404703576
0 0.35931924238265167 0.5399314061734444 0.3922591270930552 0.5399314061734444 0.3922591270930552 0.6202841744243017 0.35931924238265167 0.6202841744243017
0 0.29618446335437826 0.6727094561489466 0.327751852868515 0.6727094561489466 0.327751852868515 0.7471827535521802 0.29618446335437826 0.7471827535521802
0 0.3255558605544881 0.5198432141107301 0.34092780675267637 0.5198432141107301 0.34092780675267637 0.5707986281234689 0.3255558605544881 0.5707986281234689
0 0.3348888278891024 0.7315041646251838 0.3538292615975844 0.7315041646251838 0.3538292615975844 0.8103870651641353 0.3348888278891024 0.8103870651641353
0 0.3683777106780126 0.6834884860362567 0.39418062036782875 0.6834884860362567 0.39418062036782875 0.9965703086722195 0.3683777106780126 0.9965703086722195
0 0.2714795498215756 0.6741793238608524 0.3834751578369475 0.6741793238608524 0.3834751578369475 0.9142577168054875 0.2714795498215756 0.9142577168054875
0 0.18007136975020588 0.7809897109260167 0.22152072467746364 0.7809897109260167 0.22152072467746364 0.8672219500244978 0.18007136975020588 0.8672219500244978
0 0.28602799890200387 0.5703086722195003 0.296733461432885 0.5703086722195003 0.296733461432885 0.5997060264576188 0.28602799890200387 0.5997060264576188
0 0.3044194345319791 0.5703086722195002 0.34888827889102386 0.5703086722195002 0.34888827889102386 0.6810387065164135 0.3044194345319791 0.6810387065164135
0 0.03842986549547077 0.6472317491425772 0.2539116113093604 0.6472317491425772 0.2539116113093604 0.9461048505634493 0.03842986549547077 0.9461048505634493
