0 0.33955531155640956 0.5889269965703087 0.3941806203678287 0.5889269965703087 0.3941806203678287 0.6359627633512984 0.33955531155640956 0.6359627633512984
1 0.2475981334065331 0.6139147476727095 0.2799890200384299 0.6139147476727095 0.2799890200384299 0.6217540421362077 0.2475981334065331 0.6217540421362077
0 0.0019214932747735405 0.7329740323370897 0.09964315124897064 0.7329740323370897 0.09964315124897064 0.8152866242038217 0.0019214932747735405 0.8152866242038217
0 0.09827065605270383 0.6589906908378246 0.16909140818007137 0.6589906908378246 0.16909140818007137 0.7266046055854972 0.09827065605270383 0.7266046055854972
0 0.28273401043096347 0.5512003919647233 0.3090859181992863 0.5512003919647233 0.3090859181992863 0.637922586967173 0.28273401043096347 0.637922586967173
1 0.18281636014273947 0.6785889269965704 0.38320065879769416 0.6785889269965704 0.38320065879769416 0.6923076923076923 0.18281636014273947 0.6923076923076923
1 0.38512215207246775 0.8118569328760411 0.4677463628877299 0.8118569328760411 0.4677463628877299 0.8245957863792258 0.38512215207246775 0.8245957863792258
1 0.17211089761185835 0.6496815286624203 0.29179247872632447 0.6496815286624203 0.29179247872632447 0.6589906908378246 0.17211089761185835 0.6589906908378246
1 0.12462256382102663 0.9456148946594806 0.5599780400768597 0.9456148946594806 0.5599780400768597 0.9955903968642822 0.12462256382102663 0.9955903968642822
1 0.009058468295360958 0.8064674179323861 0.17677738127916554 0.8064674179323861 0.17677738127916554 0.8236158745712885 0.009058468295360958 0.8236158745712885
0 0.3299478451825419 0.7555120039196472 0.38018116936590723 0.7555120039196472 0.38018116936590723 0.7947084762371386 0.3299478451825419 0.7947084762371386
