2 0.2780675267636563 0.7403233708966194 0.36590721932473236 0.7403233708966194 0.36590721932473236 0.8020578147966683 0.2780675267636563 0.8020578147966683
0 0.40653307713423004 0.5521803037726605 0.41861103486137796 0.5521803037726605 0.41861103486137796 0.563939245467908 0.40653307713423004 0.563939245467908
0 0.49354927257754594 0.7599216070553649 0.5509195717814988 0.7599216070553649 0.5509195717814988 0.9808917197452229 0.49354927257754594 0.9808917197452229
0 0.22865769969805103 0.5987261146496815 0.29069448256931096 0.5987261146496815 0.29069448256931096 0.658500734933856 0.22865769969805103 0.658500734933856
0 0.3947296184463355 0.5903968642822146 0.41367005215481745 0.5903968642822146 0.41367005215481745 0.6545810877021068 0.3947296184463355 0.6545810877021068
0 0.19434531979138073 0.9225869671729544 0.23991216030743892 0.9225869671729544 0.23991216030743892 0.9882410583047526 0.19434531979138073 0.9882410583047526
0 0.42519901180345865 0.5222929936305732 0.44908042821850125 0.5222929936305732 0.44908042821850125 0.6521313081822636 0.42519901180345865 0.6521313081822636
2 0.023057919297282445 0.6668299853013229 0.23387318144386493 0.6668299853013229 0.23387318144386493 0.8858402743753062 0.023057919297282445 0.8858402743753062
2 0.37661268185561353 0.6550710436060755 0.4858632994784518 0.6550710436060755 0.4858632994784518 0.8108770210681039 0.37661268185561353 0.8108770210681039
0 0.38018116936590723 0.5418912297893189 0.39527861652484214 0.5418912297893189 0.39527861652484214 0.5634492895639392 0.38018116936590723 0.5634492895639392
