0 0.4493549272577546 0.917687408133268 0.4897062860279989 0.917687408133268 0.4897062860279989 0.9955903968642823 0.4493549272577546 0.9955903968642823
0 0.0 0.768250857422832 0.0763107329124348 0.768250857422832 0.0763107329124348 0.8495835374816267 0.0 0.8495835374816267
0 0.48394180620367827 0.7285644292013719 0.5470765852319517 0.7285644292013719 0.5470765852319517 0.9985301322880941 0.48394180620367827 0.9985301322880941
1 0.09058468295360966 0.6952474277315042 0.2723030469393357 0.6952474277315042 0.2723030469393357 0.7246447819696227 0.09058468295360966 0.7246447819696227
0 0.34614328849849024 0.6070553650171484 0.3969256107603623 0.6070553650171484 0.3969256107603623 0.9926506614404704 0.34614328849849024 0.9926506614404704
0 0.19544331594839418 0.6413522782949534 0.23552017567938513 0.6413522782949534 0.23552017567938513 0.6673199412052915 0.19544331594839418 0.6673199412052915
0 0.26846006038978865 0.622733953944145 0.28300850947021683 0.622733953944145 0.28300850947021683 0.6403723664870162 0.26846006038978865 0.6403723664870162
0 0.41147405984079055 0.58843704066634 0.44551194070820754 0.58843704066634 0.44551194070820754 0.768250857422832 0.41147405984079055 0.768250857422832
1 0.2882239912160307 0.7177853993140617 0.4054350809772166 0.7177853993140617 0.4054350809772166 0.7373836354728074 0.2882239912160307 0.7373836354728074
0 0.26736206423277514 0.5913767760901519 0.29398847104035136 0.5913767760901519 0.29398847104035136 0.61734443900049 0.26736206423277514 0.61734443900049
