0 0.449629426297008 0.9436550710436061 0.4639033763381828 0.9436550710436061 0.4639033763381828 0.9951004409603136 0.449629426297008 0.9951004409603136
0 0.4133955531155641 0.6085252327290545 0.43617897337359324 0.6085252327290545 0.43617897337359324 0.6766291033806957 0.4133955531155641 0.6766291033806957
0 0.44304144935492723 0.6016658500734934 0.48641229755695853 0.6016658500734934 0.48641229755695853 0.6981871631553159 0.44304144935492723 0.6981871631553159
0 0.42574800988196543 0.5732484076433121 0.4331594839418062 0.5732484076433121 0.4331594839418062 0.5987261146496815 0.42574800988196543 0.5987261146496815
0 0.3055174306889926 0.6678098971092602 0.3178698874553939 0.6678098971092602 0.3178698874553939 0.7133757961783439 0.3055174306889926 0.7133757961783439
0 0.2055997804007686 0.636452719255267 0.24128465550370576 0.636452719255267 0.24128465550370576 0.6702596766291035 0.2055997804007686 0.6702596766291035
0 0.37441668954158663 0.6923076923076923 0.39390612132857533 0.6923076923076923 0.39390612132857533 0.7373836354728074 0.37441668954158663 0.7373836354728074
0 0.11501509744715893 0.669279764821166 0.2069722755970354 0.669279764821166 0.2069722755970354 0.7506124448799608 0.11501509744715893 0.7506124448799608
0 0.4062585780949767 0.5850073493385596 0.4120230579192973 0.5850073493385596 0.4120230579192973 0.6046055854973053 0.4062585780949767 0.6046055854973053
0 0.0063134779028273455 0.7432631063204311 0.09332967334614328 0.7432631063204311 0.09332967334614328 0.8187163155316022 0.0063134779028273455 0.8187163155316022
0 0.2659895690365084 0.6001959823615874 0.28300850947021683 0.6001959823615874 0.28300850947021683 0.6202841744243017 0.2659895690365084 0.6202841744243017
