0 0.22481471314850401 0.5766780989710926 0.299752950864672 0.5766780989710926 0.299752950864672 0.6658500734933855 0.22481471314850401 0.6658500734933855
0 0.13834751578369475 0.5825575698187163 0.26900905846829537 0.5825575698187163 0.26900905846829537 0.7021068103870652 0.13834751578369475 0.7021068103870652
0 0.2149327477353829 0.6516413522782949 0.296733461432885 0.6516413522782949 0.296733461432885 0.7555120039196472 0.2149327477353829 0.7555120039196472
0 0.38512215207246775 0.5178833904948554 0.41394455119407086 0.5178833904948554 0.41394455119407086 0.7496325330720235 0.38512215207246775 0.7496325330720235
0 0.3085369201207796 0.5340519353258207 0.3670052154817458 0.5340519353258207 0.3670052154817458 0.6810387065164135 0.3085369201207796 0.6810387065164135
0 0.40927806752676366 0.8035276825085743 0.449629426297008 0.8035276825085743 0.449629426297008 0.8520333170014699 0.40927806752676366 0.8520333170014699
0 0.3038704364534724 0.5433610975012249 0.3296733461432885 0.5433610975012249 0.3296733461432885 0.5845173934345909 0.3038704364534724 0.5845173934345909
0 0.44825693110074116 0.6673199412052915 0.5179796870710952 0.6673199412052915 0.5179796870710952 0.850563449289564 0.44825693110074116 0.850563449289564
0 0.005215481745813877 0.6521313081822636 0.21630524293164974 0.6521313081822636 0.21630524293164974 0.8554630083292504 0.005215481745813877 0.8554630083292504
2 0.13121054076310731 0.7070063694267515 0.31100741147405986 0.7070063694267515 0.31100741147405986 0.9990200881920627 0.13121054076310731 0.9990200881920627
0 0.5292341476804832 0.9034786869181773 0.5676640131759538 0.9034786869181773 0.5676640131759538 0.9975502204801568 0.5292341476804832 0.9975502204801568
