0 0.462530881141916 0.6129348358647722 0.5009607466373868 0.6129348358647722 0.5009607466373868 0.6526212640862323 0.462530881141916 0.6526212640862323
0 0.4919022783420258 0.5894169524742773 0.5026077408729069 0.5894169524742773 0.5026077408729069 0.61734443900049 0.4919022783420258 0.61734443900049
1 0.290694482569311 0.6011758941695247 0.42272852045017845 0.6011758941695247 0.42272852045017845 0.6188143067123959 0.290694482569311 0.6188143067123959
0 0.4699423552017568 0.5825575698187163 0.4916277793027724 0.5825575698187163 0.4916277793027724 0.6183243508084272 0.4699423552017568 0.6183243508084272
0 0.511666209168268 0.5918667319941205 0.5347241284655504 0.5918667319941205 0.5347241284655504 0.6643802057814797 0.511666209168268 0.6643802057814797
0 0.5160581937963218 0.5467907888290054 0.533626132308537 0.5467907888290054 0.533626132308537 0.576188143067124 0.5160581937963218 0.576188143067124
0 0.5231951688169091 0.8461538461538461 0.5756244853143014 0.8461538461538461 0.5756244853143014 0.9931406173444389 0.5231951688169091 0.9931406173444389
1 0.2465001372495196 0.6114649681528662 0.3664562174032391 0.6114649681528662 0.3664562174032391 0.6359627633512984 0.2465001372495196 0.6359627633512984
0 0.26132308536920124 0.615874571288584 0.28300850947021683 0.615874571288584 0.28300850947021683 0.6398824105830476 0.26132308536920124 0.6398824105830476
0 0.5319791380730168 0.5178833904948554 0.5454295909964315 0.5178833904948554 0.5454295909964315 0.5296423321901029 0.5319791380730168 0.5296423321901029
0 0.5303321438374966 0.5340519353258206 0.5385671150150975 0.5340519353258206 0.5385671150150975 0.5428711415972562 0.5303321438374966 0.5428711415972562
