0 0.5855064507274225 0.9191572758451739 0.6228383200658797 0.9191572758451739 0.6228383200658797 0.9975502204801568 0.5855064507274225 0.9975502204801568
0 0.44111995608015375 0.7692307692307693 0.509470216854241 0.7692307692307693 0.509470216854241 0.9132778049975502 0.44111995608015375 0.9132778049975502
0 0.0013724951962668132 0.950514453699167 0.021959923140269007 0.950514453699167 0.021959923140269007 0.9965703086722195 0.0013724951962668132 0.9965703086722195
0 0.3280263519077683 0.5629593336599706 0.352731265440571 0.5629593336599706 0.352731265440571 0.5830475257226849 0.3280263519077683 0.5830475257226849
0 0.0 0.7917687408133268 0.061213285753499866 0.7917687408133268 0.061213285753499866 0.9225869671729544 0.0 0.9225869671729544
2 0.07329124348064783 0.6516413522782949 0.2585780949766676 0.6516413522782949 0.2585780949766676 0.79421852033317 0.07329124348064783 0.79421852033317
2 0.25061762283832006 0.5776580107790299 0.3340653307713423 0.5776580107790299 0.3340653307713423 0.6673199412052915 0.25061762283832006 0.6673199412052915
0 0.33681032116387594 0.5982361587457129 0.356574251990118 0.5982361587457129 0.356574251990118 0.6271435570798628 0.33681032116387594 0.6271435570798628
0 0.4383749656876201 0.8461538461538463 0.4853143013999451 0.8461538461538463 0.4853143013999451 1.0 0.4383749656876201 1.0
0 0.4103760636837771 0.6668299853013229 0.4304144935492725 0.6668299853013229 0.4304144935492725 0.7021068103870651 0.4103760636837771 0.7021068103870651
