0 0.38125 0.5531250000000001 0.4046875 0.5531250000000001 0.4046875 0.6015625 0.38125 0.6015625
0 0.49531250000000004 0.7109375 0.578125 0.7109375 0.578125 0.7749999999999999 0.49531250000000004 0.7749999999999999
0 0.8140625 0.64375 0.9984375 0.64375 0.9984375 0.7234375 0.8140625 0.7234375
0 0.3390625 0.65625 0.36562500000000003 0.65625 0.36562500000000003 0.76875 0.3390625 0.76875
1 0.30624999999999997 0.8640625000000001 0.5187499999999999 0.8640625000000001 0.5187499999999999 0.9234375 0.30624999999999997 0.9234375
2 0.171875 0.6328125 0.396875 0.6328125 0.396875 0.7921875 0.171875 0.7921875
0 0.5796875 0.6984375 0.8562500000000001 0.6984375 0.8562500000000001 0.9953125 0.5796875 0.9953125
0 0.04062500000000001 0.7234375 0.1203125 0.7234375 0.1203125 0.8078125 0.04062500000000001 0.8078125
1 0.6328125 0.6578125 0.7953125000000001 0.6578125 0.7953125000000001 0.7046875 0.6328125 0.7046875
0 0.253125 0.7890625 0.29531250000000003 0.7890625 0.29531250000000003 0.9109375 0.253125 0.9109375
0 0.2859375 0.8921874999999999 0.33125 0.8921874999999999 0.33125 1.0 0.2859375 1.0
